9781
9210
5.837848891
21600.2
11
 [38 158 126 151 101 57 106 68 176 118 57 157 51 78 176 28 64 120 38 27]
 [1 134 99 118 73 26 78 31 158 103 47 148 38 58 157 18 57 105 29 7]
 [[[0 0 0 0 0 0 0 0 0 0 0 0 0 0 0 0 0 0 0 0]
             [0 0 0 0 0 0 0 0 0 0 0 0 0 0 0 0 0 0 0 0]
             [0 0 0 0 0 0 0 0 0 0 0 0 0 0 0 0 0 0 0 0]
             [0 0 0 0 0 0 0 0 0 0 0 0 0 0 1 0 0 0 0 0]
             [0 0 0 0 0 0 0 0 0 0 0 0 0 0 0 0 0 0 0 0]
             [0 0 0 1 0 0 0 0 0 1 0 0 0 1 1 0 0 0 0 0]
             [0 0 0 0 0 0 0 0 0 0 0 0 0 0 0 0 0 0 0 0]
             [0 0 0 0 0 0 0 0 0 0 0 0 0 0 0 0 0 0 0 0]
             [0 0 0 0 0 0 0 0 0 0 0 0 0 0 0 0 0 0 0 0]
             [0 0 0 1 0 0 0 0 0 0 0 0 0 0 1 0 0 0 0 0]
             [0 0 0 0 0 0 0 0 0 0 0 0 0 0 0 0 0 0 0 0]
             [0 0 0 0 0 0 0 0 0 0 0 0 0 0 0 0 0 0 0 0]
             [0 0 0 0 0 0 0 0 0 0 0 0 0 0 0 0 0 0 0 0]
             [0 0 0 1 0 0 0 0 0 1 0 0 0 0 1 0 0 0 0 0]
             [0 0 0 0 0 0 0 0 0 0 0 0 0 0 0 0 0 0 0 0]
             [0 0 0 0 0 0 0 0 0 0 0 0 0 0 0 0 0 0 0 0]
             [0 0 0 0 0 0 0 0 0 0 0 0 0 0 0 0 0 0 0 0]
             [0 0 0 0 0 0 0 0 0 0 0 0 0 0 0 0 0 0 0 0]
             [0 0 0 0 0 0 0 0 0 0 0 0 0 0 0 0 0 0 0 0]
             [0 0 0 0 0 0 0 0 0 0 0 0 0 0 0 0 0 0 0 0]]
         [[0 0 0 0 0 0 0 0 0 0 0 0 0 0 0 0 0 0 0 0]
             [0 0 0 0 0 0 0 0 1 0 0 0 0 0 0 0 0 0 0 0]
             [0 0 0 0 0 0 0 0 0 0 0 0 0 0 0 0 0 0 0 0]
             [0 0 0 0 0 0 0 0 0 0 0 0 0 0 0 0 0 0 0 0]
             [0 0 0 0 0 0 0 0 0 0 0 0 0 0 0 0 0 0 0 0]
             [0 0 0 0 0 0 0 0 0 0 0 0 0 0 0 0 0 0 0 0]
             [0 1 0 0 0 0 0 0 1 0 0 0 0 0 0 0 0 0 0 0]
             [0 0 0 0 0 0 0 0 0 0 0 0 0 0 0 0 0 0 0 0]
             [0 0 0 0 0 0 0 0 0 0 0 0 0 0 0 0 0 0 0 0]
             [0 0 0 0 0 0 0 0 0 0 0 0 0 0 0 0 0 0 0 0]
             [0 0 0 0 0 0 0 0 0 0 0 0 0 0 0 0 0 0 0 0]
             [0 0 0 0 0 0 0 0 0 0 0 0 0 0 0 0 0 0 0 0]
             [0 1 0 0 0 0 1 0 1 0 0 0 0 0 0 0 0 0 0 0]
             [0 0 0 0 0 0 0 0 0 0 0 0 0 0 0 0 0 0 0 0]
             [0 0 0 0 0 0 0 0 0 0 0 0 0 0 0 0 0 0 0 0]
             [0 1 0 0 0 0 1 0 1 0 0 0 1 0 0 0 0 0 1 0]
             [0 0 0 0 0 0 0 0 0 0 0 0 0 0 0 0 0 0 0 0]
             [0 0 0 0 0 0 0 0 0 0 0 0 0 0 0 0 0 0 0 0]
             [0 1 0 0 0 0 1 0 1 0 0 0 1 0 0 0 0 0 0 0]
             [0 0 0 0 0 0 0 0 0 0 0 0 0 0 0 0 0 0 0 0]]
         [[0 0 0 0 1 0 0 0 0 0 1 0 0 0 0 0 1 1 0 0]
             [0 0 0 0 0 0 0 0 0 0 0 0 0 0 0 0 0 0 0 0]
             [0 0 0 0 0 0 0 0 0 0 0 0 0 0 0 0 0 0 0 0]
             [0 0 0 0 0 0 0 0 0 0 0 0 0 0 0 0 0 0 0 0]
             [0 0 0 0 0 0 0 0 0 0 0 0 0 0 0 0 0 1 0 0]
             [0 0 0 0 0 0 0 0 0 0 0 0 0 0 0 0 0 0 0 0]
             [0 0 0 0 0 0 0 0 0 0 0 0 0 0 0 0 0 0 0 0]
             [0 0 0 0 0 0 0 0 0 0 0 0 0 0 0 0 0 0 0 0]
             [0 0 0 0 0 0 0 0 0 0 0 0 0 0 0 0 0 0 0 0]
             [0 0 0 0 0 0 0 0 0 0 0 0 0 0 0 0 0 0 0 0]
             [0 0 0 0 1 0 0 0 0 0 0 0 0 0 0 0 1 1 0 0]
             [0 0 0 0 0 0 0 0 0 0 0 0 0 0 0 0 0 0 0 0]
             [0 0 0 0 0 0 0 0 0 0 0 0 0 0 0 0 0 0 0 0]
             [0 0 0 0 0 0 0 0 0 0 0 0 0 0 0 0 0 0 0 0]
             [0 0 0 0 0 0 0 0 0 0 0 0 0 0 0 0 0 0 0 0]
             [0 0 0 0 0 0 0 0 0 0 0 0 0 0 0 0 0 0 0 0]
             [0 0 0 0 1 0 0 0 0 0 0 0 0 0 0 0 0 1 0 0]
             [0 0 0 0 0 0 0 0 0 0 0 0 0 0 0 0 0 0 0 0]
             [0 0 0 0 0 0 0 0 0 0 0 0 0 0 0 0 0 0 0 0]
             [0 0 0 0 0 0 0 0 0 0 0 0 0 0 0 0 0 0 0 0]]
         [[0 0 0 0 0 0 0 0 0 0 0 0 0 0 0 0 0 0 0 0]
             [0 0 0 0 0 0 0 0 0 0 0 0 0 0 0 0 0 0 0 0]
             [0 0 0 0 0 0 0 0 0 0 0 1 0 0 0 0 0 0 0 0]
             [0 0 0 0 0 0 0 0 0 0 0 0 0 0 0 0 0 0 0 0]
             [0 0 0 0 0 0 0 0 0 0 0 0 0 0 0 0 0 0 0 0]
             [0 0 0 0 0 0 0 0 0 0 0 0 0 0 0 0 0 0 0 0]
             [0 0 0 0 0 0 0 0 0 0 0 0 0 0 0 0 0 0 0 0]
             [0 0 1 0 0 0 0 0 0 0 0 1 0 0 0 0 0 0 0 0]
             [0 0 0 0 0 0 0 0 0 0 0 0 0 0 0 0 0 0 0 0]
             [0 0 0 0 0 0 0 0 0 0 0 0 0 0 0 0 0 0 0 0]
             [0 0 0 0 0 0 0 0 0 0 0 0 0 0 0 0 0 0 0 0]
             [0 0 0 0 0 0 0 0 0 0 0 0 0 0 0 0 0 0 0 0]
             [0 0 0 0 0 0 0 0 0 0 0 0 0 0 0 0 0 0 0 0]
             [0 0 0 0 0 0 0 0 0 0 0 0 0 0 0 0 0 0 0 0]
             [0 0 0 0 0 0 0 0 0 0 0 0 0 0 0 0 0 0 0 0]
             [0 0 0 0 0 0 0 0 0 0 0 0 0 0 0 0 0 0 0 0]
             [0 0 0 0 0 0 0 0 0 0 0 0 0 0 0 0 0 0 0 0]
             [0 0 0 0 0 0 0 0 0 0 0 0 0 0 0 0 0 0 0 0]
             [0 0 0 0 0 0 0 0 0 0 0 0 0 0 0 0 0 0 0 0]
             [0 0 1 0 0 0 0 1 0 0 0 1 0 0 0 0 0 0 0 0]]]
 [[0 0 0 1 0 1 0 0 0 1 0 0 0 1 1 0 0 0 0 0]
         [0 1 0 0 0 0 1 0 1 0 0 0 1 0 0 1 0 0 1 0]
         [1 0 0 0 1 0 0 0 0 0 1 0 0 0 0 0 1 1 0 0]
         [0 0 1 0 0 0 0 1 0 0 0 1 0 0 0 0 0 0 0 1]]
 [[0 0 0 1 0 0 0 0 0 0 0 0 0 0 0 0 0 0 0 0]
         [0 0 0 0 0 0 0 0 0 0 0 0 1 0 0 0 0 0 0 0]
         [0 0 0 0 0 0 0 0 0 0 1 0 0 0 0 0 0 0 0 0]
         [0 0 0 0 0 0 0 0 0 0 0 0 1 0 0 0 0 0 0 0]
         [0 0 0 0 0 0 0 0 1 0 0 0 0 0 0 0 0 0 0 0]
         [0 0 0 0 1 0 0 0 0 0 0 0 0 0 0 0 0 0 0 0]
         [0 0 0 0 0 0 0 0 1 0 0 0 0 0 0 0 0 0 0 0]
         [0 0 0 0 0 1 0 0 0 0 0 0 0 0 0 0 0 0 0 0]
         [0 0 0 0 0 0 0 0 0 0 0 0 0 0 1 0 0 0 0 0]
         [0 0 0 0 0 0 0 0 0 1 0 0 0 0 0 0 0 0 0 0]
         [0 0 0 0 1 0 0 0 0 0 0 0 0 0 0 0 0 0 0 0]
         [0 0 0 0 0 0 0 0 0 0 0 0 1 0 0 0 0 0 0 0]
         [0 0 0 0 1 0 0 0 0 0 0 0 0 0 0 0 0 0 0 0]
         [0 0 0 0 0 0 1 0 0 0 0 0 0 0 0 0 0 0 0 0]
         [0 0 0 0 0 0 0 0 0 0 0 0 0 0 1 0 0 0 0 0]
         [0 0 1 0 0 0 0 0 0 0 0 0 0 0 0 0 0 0 0 0]
         [0 0 0 0 0 1 0 0 0 0 0 0 0 0 0 0 0 0 0 0]
         [0 0 0 0 0 0 0 0 0 1 0 0 0 0 0 0 0 0 0 0]
         [0 0 0 1 0 0 0 0 0 0 0 0 0 0 0 0 0 0 0 0]
         [0 0 1 0 0 0 0 0 0 0 0 0 0 0 0 0 0 0 0 0]]
 [[[0 0 0 0 0 0 0 0 0 0 0 0 0 0 0 0 0 0 0 0 0 0 0 0 0 0 0 0]
             [0 0 0 0 0 0 0 0 0 0 0 0 0 0 0 0 0 0 0 0 0 0 0 0 0 0 0 0]
             [0 0 0 0 0 0 0 0 0 0 0 0 0 0 0 0 0 0 0 0 0 0 0 0 0 0 0 0]
             [0 0 0 0 0 0 0 0 1 0 0 1 0 0 0 0 0 0 0 0 0 0 0 1 0 0 0 0]
             [0 0 0 0 0 0 0 0 0 0 0 0 0 0 0 0 0 0 0 0 0 0 0 0 0 0 0 0]
             [0 0 0 0 0 0 0 0 0 0 0 0 0 0 0 0 0 0 0 0 0 0 0 0 0 0 0 0]
             [0 0 0 0 0 0 0 0 0 0 0 0 0 0 0 0 0 0 0 0 0 0 0 0 0 0 0 0]
             [0 0 0 0 0 0 0 0 0 0 0 0 0 0 0 0 0 0 0 0 0 0 0 0 0 0 0 0]
             [0 0 0 0 0 0 0 0 0 0 0 0 0 0 0 0 0 0 0 0 0 0 0 0 0 0 0 0]
             [0 0 0 0 0 0 0 0 0 0 0 0 0 0 0 0 0 0 0 0 0 0 0 0 0 0 0 0]
             [0 0 0 1 0 0 0 0 1 0 0 1 0 1 0 0 0 1 0 0 0 0 0 1 0 0 0 0]
             [0 0 0 0 0 0 0 0 1 0 0 0 0 0 0 0 0 0 0 0 0 0 0 0 0 0 0 0]
             [0 0 0 1 0 0 0 0 1 0 1 1 0 1 0 0 0 1 0 0 0 0 0 1 0 0 0 0]
             [0 0 0 1 0 0 0 0 1 0 0 1 0 0 0 0 0 1 0 0 0 0 0 1 0 0 0 0]
             [0 0 0 0 0 0 0 0 0 0 0 0 0 0 0 0 0 0 0 0 0 0 0 0 0 0 0 0]
             [0 0 0 1 0 0 0 0 1 0 1 1 1 1 0 0 0 1 1 0 0 0 0 1 0 0 0 0]
             [0 0 0 0 0 0 0 0 0 0 0 0 0 0 0 0 0 0 0 0 0 0 0 0 0 0 0 0]
             [0 0 0 1 0 0 0 0 1 0 0 1 0 0 0 0 0 0 0 0 0 0 0 1 0 0 0 0]
             [0 0 0 1 0 0 0 0 1 0 1 1 1 1 0 0 0 1 0 0 0 0 0 1 0 0 0 0]
             [0 0 0 0 0 0 0 0 0 0 0 0 0 0 0 0 0 0 0 0 0 0 0 0 0 0 0 0]
             [0 0 0 0 0 0 0 0 0 0 0 0 0 0 0 0 0 0 0 0 0 0 0 0 0 0 0 0]
             [0 0 0 0 0 0 0 0 0 0 0 0 0 0 0 0 0 0 0 0 0 0 0 0 0 0 0 0]
             [0 0 0 0 0 0 0 0 0 0 0 0 0 0 0 0 0 0 0 0 0 0 0 0 0 0 0 0]
             [0 0 0 0 0 0 0 0 1 0 0 1 0 0 0 0 0 0 0 0 0 0 0 0 0 0 0 0]
             [0 0 0 0 0 0 0 0 0 0 0 0 0 0 0 0 0 0 0 0 0 0 0 0 0 0 0 0]
             [0 0 0 0 0 0 0 0 0 0 0 0 0 0 0 0 0 0 0 0 0 0 0 0 0 0 0 0]
             [0 0 0 0 0 0 0 0 0 0 0 0 0 0 0 0 0 0 0 0 0 0 0 0 0 0 0 0]
             [0 0 0 0 0 0 0 0 0 0 0 0 0 0 0 0 0 0 0 0 0 0 0 0 0 0 0 0]]
         [[0 0 0 0 0 0 1 1 0 1 0 0 0 0 0 0 0 0 0 0 0 0 0 0 0 0 1 1]
             [0 0 0 0 0 0 0 0 0 0 0 0 0 0 0 0 0 0 0 0 0 0 0 0 0 0 0 0]
             [0 0 0 0 0 0 0 0 0 0 0 0 0 0 0 0 0 0 0 0 0 0 0 0 0 0 0 0]
             [0 0 0 0 0 0 0 0 0 0 0 0 0 0 0 0 0 0 0 0 0 0 0 0 0 0 0 0]
             [0 0 0 0 0 0 0 0 0 0 0 0 0 0 0 0 0 0 0 0 0 0 0 0 0 0 0 0]
             [0 0 0 0 0 0 0 0 0 0 0 0 0 0 0 0 0 0 0 0 0 0 0 0 0 0 0 0]
             [0 0 0 0 0 0 0 0 0 1 0 0 0 0 0 0 0 0 0 0 0 0 0 0 0 0 0 0]
             [0 0 0 0 0 0 1 0 0 1 0 0 0 0 0 0 0 0 0 0 0 0 0 0 0 0 1 1]
             [0 0 0 0 0 0 0 0 0 0 0 0 0 0 0 0 0 0 0 0 0 0 0 0 0 0 0 0]
             [0 0 0 0 0 0 0 0 0 0 0 0 0 0 0 0 0 0 0 0 0 0 0 0 0 0 0 0]
             [0 0 0 0 0 0 0 0 0 0 0 0 0 0 0 0 0 0 0 0 0 0 0 0 0 0 0 0]
             [0 0 0 0 0 0 0 0 0 0 0 0 0 0 0 0 0 0 0 0 0 0 0 0 0 0 0 0]
             [0 0 0 0 0 0 0 0 0 0 0 0 0 0 0 0 0 0 0 0 0 0 0 0 0 0 0 0]
             [0 0 0 0 0 0 0 0 0 0 0 0 0 0 0 0 0 0 0 0 0 0 0 0 0 0 0 0]
             [0 0 0 0 0 0 0 0 0 0 0 0 0 0 0 0 0 0 0 0 0 0 0 0 0 0 0 0]
             [0 0 0 0 0 0 0 0 0 0 0 0 0 0 0 0 0 0 0 0 0 0 0 0 0 0 0 0]
             [0 0 0 0 0 0 0 0 0 0 0 0 0 0 0 0 0 0 0 0 0 0 0 0 0 0 0 0]
             [0 0 0 0 0 0 0 0 0 0 0 0 0 0 0 0 0 0 0 0 0 0 0 0 0 0 0 0]
             [0 0 0 0 0 0 0 0 0 0 0 0 0 0 0 0 0 0 0 0 0 0 0 0 0 0 0 0]
             [0 0 0 0 0 0 0 0 0 0 0 0 0 0 0 0 0 0 0 0 0 0 0 0 0 0 0 0]
             [1 0 0 0 0 0 1 1 0 1 0 0 0 0 0 0 0 0 0 0 0 0 0 0 0 0 1 1]
             [0 0 0 0 0 0 0 0 0 0 0 0 0 0 0 0 0 0 0 0 0 0 0 0 0 0 0 0]
             [0 0 0 0 0 0 0 0 0 0 0 0 0 0 0 0 0 0 0 0 0 0 0 0 0 0 0 0]
             [0 0 0 0 0 0 0 0 0 0 0 0 0 0 0 0 0 0 0 0 0 0 0 0 0 0 0 0]
             [0 0 0 0 0 0 0 0 0 0 0 0 0 0 0 0 0 0 0 0 0 0 0 0 0 0 0 0]
             [0 0 0 0 0 0 0 0 0 0 0 0 0 0 0 0 0 0 0 0 0 0 0 0 0 0 0 0]
             [0 0 0 0 0 0 1 0 0 1 0 0 0 0 0 0 0 0 0 0 0 0 0 0 0 0 0 0]
             [0 0 0 0 0 0 1 0 0 1 0 0 0 0 0 0 0 0 0 0 0 0 0 0 0 0 1 0]]
         [[0 0 0 0 0 0 0 0 0 0 0 0 0 0 0 0 0 0 0 0 0 0 0 0 0 0 0 0]
             [0 0 0 0 0 0 0 0 0 0 0 0 0 0 1 0 0 0 0 0 0 1 0 0 0 0 0 0]
             [0 1 0 0 0 0 0 0 0 0 0 0 0 0 1 0 0 0 0 0 0 1 0 0 0 0 0 0]
             [0 0 0 0 0 0 0 0 0 0 0 0 0 0 0 0 0 0 0 0 0 0 0 0 0 0 0 0]
             [0 1 1 0 0 0 0 0 0 0 0 0 0 0 1 0 0 0 0 0 0 1 1 0 0 0 0 0]
             [0 1 1 0 1 0 0 0 0 0 0 0 0 0 1 0 1 0 0 0 0 1 1 0 1 0 0 0]
             [0 0 0 0 0 0 0 0 0 0 0 0 0 0 0 0 0 0 0 0 0 0 0 0 0 0 0 0]
             [0 0 0 0 0 0 0 0 0 0 0 0 0 0 0 0 0 0 0 0 0 0 0 0 0 0 0 0]
             [0 0 0 0 0 0 0 0 0 0 0 0 0 0 0 0 0 0 0 0 0 0 0 0 0 0 0 0]
             [0 0 0 0 0 0 0 0 0 0 0 0 0 0 0 0 0 0 0 0 0 0 0 0 0 0 0 0]
             [0 0 0 0 0 0 0 0 0 0 0 0 0 0 0 0 0 0 0 0 0 0 0 0 0 0 0 0]
             [0 0 0 0 0 0 0 0 0 0 0 0 0 0 0 0 0 0 0 0 0 0 0 0 0 0 0 0]
             [0 0 0 0 0 0 0 0 0 0 0 0 0 0 0 0 0 0 0 0 0 0 0 0 0 0 0 0]
             [0 0 0 0 0 0 0 0 0 0 0 0 0 0 0 0 0 0 0 0 0 0 0 0 0 0 0 0]
             [0 0 0 0 0 0 0 0 0 0 0 0 0 0 0 0 0 0 0 0 0 0 0 0 0 0 0 0]
             [0 0 0 0 0 0 0 0 0 0 0 0 0 0 0 0 0 0 0 0 0 0 0 0 0 0 0 0]
             [0 1 1 0 1 0 0 0 0 0 0 0 0 0 1 0 0 0 0 0 0 1 1 0 1 0 0 0]
             [0 0 0 0 0 0 0 0 0 0 0 0 0 0 0 0 0 0 0 0 0 0 0 0 0 0 0 0]
             [0 0 0 0 0 0 0 0 0 0 0 0 0 0 0 0 0 0 0 0 0 0 0 0 0 0 0 0]
             [0 1 1 0 1 1 0 0 0 0 0 0 0 0 1 0 1 0 0 0 0 1 1 0 1 1 0 0]
             [0 0 0 0 0 0 0 0 0 0 0 0 0 0 0 0 0 0 0 0 0 0 0 0 0 0 0 0]
             [0 0 0 0 0 0 0 0 0 0 0 0 0 0 1 0 0 0 0 0 0 0 0 0 0 0 0 0]
             [0 1 1 0 0 0 0 0 0 0 0 0 0 0 1 0 0 0 0 0 0 1 0 0 0 0 0 0]
             [0 0 0 0 0 0 0 0 0 0 0 0 0 0 0 0 0 0 0 0 0 0 0 0 0 0 0 0]
             [0 1 1 0 1 0 0 0 0 0 0 0 0 0 1 0 0 0 0 0 0 1 1 0 0 0 0 0]
             [0 1 1 0 1 1 0 0 0 0 0 0 0 0 1 0 1 0 0 0 0 1 1 0 1 0 0 0]
             [0 0 0 0 0 0 0 0 0 0 0 0 0 0 0 0 0 0 0 0 0 0 0 0 0 0 0 0]
             [0 0 0 0 0 0 0 0 0 0 0 0 0 0 0 0 0 0 0 0 0 0 0 0 0 0 0 0]]]
 [[1 1 1 1 1 1 1 1 1 1 1 1 1 1 1 1 1 1 1 1 1 1 1 1 1 1 1 1 1 1 1 1 1 1 1 1 1
         1 1 1 1 1 1 1 1 1 1 1 1 1 1 1 1 1 1 1 1 1 1 1 1 1 1 1 1 1 1 1 1 1
         1 1 1 1 1 1 1 1 1 1 1 1 1 1 1 1 1 1 1 1 1 1 1 1 1 1 1 1 1 1 1 1 1
         1 1 1 1 1 1 1 1 1 1 1 1 1 1 1 1 1 1 1 1 1 1 1 1 1 1 1 1 1 1 1 1 1
         1 1 1 1 1 1 1 1 1 1 1 1 1 1 1 1 1 1 1 1 1 1 1 1 1 1 1 1 1 1 1 1 1
         1 1 1 1 1 1 1 1 1 1 1 1 1 1 1 1 1 1 1 1 1 1 1 1 1 1 1 1 1 1 1 1 1
         1 1 1 1 1 1 1 1 1 1 1 1 1 1 1 1 1 1 1 1 1 1 1 1 1 1 1 1 1 1 1 1 1
         1 1 1 1 1 1 0 0 0 0 0 0 0 0 0 0 0]
         [0 0 0 0 0 0 0 0 0 0 0 0 0 0 0 0 0 0 0 0 0 0 0 0 0 0 0 0 0 0 0 0 0
         0 0 0 0 0 0 0 0 0 0 0 0 0 0 0 0 0 0 0 0 0 0 0 0 0 0 0 0 0 0 0 0 0
         0 0 0 0 0 0 0 0 0 0 0 0 0 0 0 0 0 0 0 0 0 0 0 0 0 0 0 0 0 0 0 0 0
         0 0 0 0 0 0 0 0 0 0 0 0 0 0 0 0 0 0 0 0 0 0 0 0 0 0 0 0 0 0 0 0 0
         0 1 1 1 1 1 1 1 1 1 1 1 1 1 1 1 1 1 1 1 1 1 1 1 1 1 1 1 1 1 1 1 1
         1 1 1 1 1 1 1 1 1 1 1 1 1 1 1 1 1 1 1 1 1 1 1 1 1 1 1 1 1 1 1 1 1
         1 1 1 1 1 1 1 1 1 1 1 1 1 1 1 1 1 1 1 1 1 1 1 1 1 1 1 1 1 1 1 1 1
         1 1 1 1 1 1 1 1 1 1 1 1 1 0 0 0 0 0 0 0 0]
         [0 0 0 0 0 0 0 0 0 0 0 0 0 0 0 0 0 0 0 0 0 0 0 0 0 0 0 0 0 0 0 0 0
         0 0 0 0 0 0 0 0 0 0 0 0 0 0 0 0 0 0 0 0 0 0 0 0 0 0 0 0 0 0 0 0 0
         0 0 0 0 0 0 0 0 0 0 0 0 0 0 0 0 0 1 1 1 1 1 1 1 1 1 1 1 1 1 1 1 1
         1 1 1 1 1 1 1 1 1 1 1 1 1 1 1 1 1 1 1 1 1 1 1 1 1 1 1 1 1 1 1 1 1
         1 1 1 1 1 1 1 1 1 1 1 1 1 1 1 1 1 1 1 1 1 1 1 1 1 1 1 1 1 1 1 1 1
         1 1 1 1 1 1 1 1 1 1 1 1 1 1 1 1 1 1 1 1 1 1 1 1 1 1 1 1 1 1 1 1 1
         1 1 1 1 1 1 1 1 1 1 1 1 1 1 1 1 1 1 1 1 1 1 1 1 1 1 1 1 1 1 1 1 1
         1 1 1 0 0 0 0 0 0 0 0 0 0 0 0 0 0 0 0 0 0]
         [0 0 0 0 0 0 0 0 0 0 0 0 0 0 0 0 0 0 0 0 0 0 0 0 0 0 0 0 0 0 0 0 0
         0 0 0 0 0 0 0 0 0 0 0 0 0 0 0 0 0 0 0 0 0 0 0 0 0 0 0 0 0 0 0 0 0
         0 0 0 0 0 0 0 0 0 0 0 0 0 0 1 1 1 1 1 1 1 1 1 1 1 1 1 1 1 1 1 1 1
         1 1 1 1 1 1 1 1 1 1 1 1 1 1 1 1 1 1 1 1 1 1 1 1 1 1 1 1 1 1 1 1 1
         1 1 1 1 1 1 1 1 1 1 1 1 1 1 1 1 1 1 1 1 1 1 1 1 1 1 1 1 1 1 1 1 1
         1 1 1 1 1 1 1 1 1 1 1 1 1 1 1 1 1 1 1 1 1 1 1 1 1 1 1 1 1 1 1 1 1
         1 1 1 1 1 1 1 1 1 1 1 1 1 1 1 1 1 1 1 1 1 1 1 1 1 1 1 1 1 1 1 1 1
         1 1 1 1 1 1 1 1 1 1 0 0 0 0 0 0 0 0 0 0 0]
         [0 0 0 0 0 0 0 0 0 0 0 0 0 0 0 0 0 0 0 0 0 0 0 0 0 0 0 0 0 0 0 0 0
         0 0 0 0 0 0 0 0 0 0 0 0 0 0 0 0 0 0 0 0 0 0 0 0 0 0 0 0 0 0 0 0 0
         0 0 0 0 0 0 1 1 1 1 1 1 1 1 1 1 1 1 1 1 1 1 1 1 1 1 1 1 1 1 1 1 1
         1 1 1 1 1 1 1 1 1 1 1 1 1 1 1 1 1 1 1 1 1 1 1 1 1 1 1 1 1 1 1 1 1
         1 1 1 1 1 1 1 1 1 1 1 1 1 1 1 1 1 1 1 1 1 1 1 1 1 1 1 1 1 1 1 1 1
         1 1 1 1 1 1 1 1 1 1 1 1 1 1 1 1 1 1 1 1 1 1 1 1 1 1 1 1 1 1 1 1 1
         1 1 1 1 1 1 1 1 1 1 1 1 1 1 1 1 1 1 1 1 1 1 1 1 1 1 1 1 1 1 1 1 1
         1 1 1 1 1 1 0 0 0 0 0 0 0 0 0 0 0 0 0 0 0]
         [0 0 0 0 0 0 0 0 0 0 0 0 0 0 0 0 0 0 0 0 0 0 0 0 0 1 1 1 1 1 1 1 1
         1 1 1 1 1 1 1 1 1 1 1 1 1 1 1 1 1 1 1 1 1 1 1 1 1 1 1 1 1 1 1 1 1
         1 1 1 1 1 1 1 1 1 1 1 1 1 1 1 1 1 1 1 1 1 1 1 1 1 1 1 1 1 1 1 1 1
         1 1 1 1 1 1 1 1 1 1 1 1 1 1 1 1 1 1 1 1 1 1 1 1 1 1 1 1 1 1 1 1 1
         1 1 1 1 1 1 1 1 1 1 1 1 1 1 1 1 1 1 1 1 1 1 1 1 1 1 1 1 1 1 1 1 1
         1 1 1 1 1 1 1 1 1 1 1 1 1 1 1 1 1 1 1 1 1 1 1 1 1 1 1 1 1 1 1 1 1
         1 1 1 1 1 1 1 1 1 1 1 1 1 1 1 1 1 1 1 1 1 1 1 1 1 1 1 1 1 1 1 1 1
         1 1 1 0 0 0 0 0 0 0 0 0 0 0 0 0 0 0 0 0 0]
         [0 0 0 0 0 0 0 0 0 0 0 0 0 0 0 0 0 0 0 0 0 0 0 0 0 0 0 0 0 0 0 0 0
         0 0 0 0 0 0 0 0 0 0 0 0 0 0 0 0 0 0 0 0 0 0 0 0 0 0 0 0 0 0 0 0 0
         0 0 0 0 0 0 0 0 0 0 0 1 1 1 1 1 1 1 1 1 1 1 1 1 1 1 1 1 1 1 1 1 1
         1 1 1 1 1 1 1 1 1 1 1 1 1 1 1 1 1 1 1 1 1 1 1 1 1 1 1 1 1 1 1 1 1
         1 1 1 1 1 1 1 1 1 1 1 1 1 1 1 1 1 1 1 1 1 1 1 1 1 1 1 1 1 1 1 1 1
         1 1 1 1 1 1 1 1 1 1 1 1 1 1 1 1 1 1 1 1 1 1 1 1 1 1 1 1 1 1 1 1 1
         1 1 1 1 1 1 1 1 1 1 1 1 1 1 1 1 1 1 1 1 1 1 1 1 1 1 1 1 1 1 1 1 1
         1 1 1 1 1 1 1 1 1 0 0 0 0 0 0 0 0 0 0 0 0]
         [0 0 0 0 0 0 0 0 0 0 0 0 0 0 0 0 0 0 0 0 0 0 0 0 0 0 0 0 0 0 1 1 1
         1 1 1 1 1 1 1 1 1 1 1 1 1 1 1 1 1 1 1 1 1 1 1 1 1 1 1 1 1 1 1 1 1
         1 1 1 1 1 1 1 1 1 1 1 1 1 1 1 1 1 1 1 1 1 1 1 1 1 1 1 1 1 1 1 1 1
         1 1 1 1 1 1 1 1 1 1 1 1 1 1 1 1 1 1 1 1 1 1 1 1 1 1 1 1 1 1 1 1 1
         1 1 1 1 1 1 1 1 1 1 1 1 1 1 1 1 1 1 1 1 1 1 1 1 1 1 1 1 1 1 1 1 1
         1 1 1 1 1 1 1 1 1 1 1 1 1 1 1 1 1 1 1 1 1 1 1 1 1 1 1 1 1 1 1 1 1
         1 1 1 1 1 1 1 1 1 1 1 1 1 1 1 1 1 1 1 1 1 1 1 1 1 1 1 1 1 1 1 1 1
         1 0 0 0 0 0 0 0 0 0 0 0 0 0 0 0 0 0 0 0 0]
         [0 0 0 0 0 0 0 0 0 0 0 0 0 0 0 0 0 0 0 0 0 0 0 0 0 0 0 0 0 0 0 0 0
         0 0 0 0 0 0 0 0 0 0 0 0 0 0 0 0 0 0 0 0 0 0 0 0 0 0 0 0 0 0 0 0 0
         0 0 0 0 0 0 0 0 0 0 0 0 0 0 0 0 0 0 0 0 0 0 0 0 0 0 0 0 0 0 0 0 0
         0 0 0 0 0 0 0 0 0 0 0 0 0 0 0 0 0 0 0 0 0 0 0 0 0 0 0 0 0 0 0 0 0
         0 1 1 1 1 1 1 1 1 1 1 1 1 1 1 1 1 1 1 1 1 1 1 1 1 1 1 1 1 1 1 1 1
         1 1 1 1 1 1 1 1 1 1 1 1 1 1 1 1 1 1 1 1 1 1 1 1 1 1 1 1 1 1 1 1 1
         1 1 1 1 1 1 1 1 1 1 1 1 1 1 1 1 1 1 1 1 1 1 1 1 1 1 1 1 1 1 1 1 1
         1 1 1 1 1 1 1 0 0 0 0 0 0 0 0 0 0 0 0 0 0]
         [0 0 0 0 0 0 0 0 0 0 0 0 0 0 0 0 0 0 0 0 0 0 0 0 0 0 0 0 0 0 0 0 0
         0 0 0 0 0 0 0 0 0 0 0 0 0 0 0 0 0 0 0 0 0 0 0 0 0 0 0 0 0 0 0 0 0
         0 0 0 0 0 0 0 0 0 0 0 0 0 0 0 0 0 0 0 0 0 0 0 0 0 0 0 0 0 0 0 0 0
         0 0 0 1 1 1 1 1 1 1 1 1 1 1 1 1 1 1 1 1 1 1 1 1 1 1 1 1 1 1 1 1 1
         1 1 1 1 1 1 1 1 1 1 1 1 1 1 1 1 1 1 1 1 1 1 1 1 1 1 1 1 1 1 1 1 1
         1 1 1 1 1 1 1 1 1 1 1 1 1 1 1 1 1 1 1 1 1 1 1 1 1 1 1 1 1 1 1 1 1
         1 1 1 1 1 1 1 1 1 1 1 1 1 1 1 1 1 1 1 1 1 1 1 1 1 1 1 1 1 1 1 1 1
         1 1 1 1 1 1 1 1 1 0 0 0 0 0 0 0 0 0 0 0 0]
         [0 0 0 0 0 0 0 0 0 0 0 0 0 0 0 0 0 0 0 0 0 0 0 0 0 0 0 0 0 0 0 0 0
         0 0 0 0 0 0 0 0 0 0 0 0 0 1 1 1 1 1 1 1 1 1 1 1 1 1 1 1 1 1 1 1 1
         1 1 1 1 1 1 1 1 1 1 1 1 1 1 1 1 1 1 1 1 1 1 1 1 1 1 1 1 1 1 1 1 1
         1 1 1 1 1 1 1 1 1 1 1 1 1 1 1 1 1 1 1 1 1 1 1 1 1 1 1 1 1 1 1 1 1
         1 1 1 1 1 1 1 1 1 1 1 1 1 1 1 1 1 1 1 1 1 1 1 1 1 1 1 1 1 1 1 1 1
         1 1 1 1 1 1 1 1 1 1 1 1 1 1 1 1 1 1 1 1 1 1 1 1 1 1 1 1 1 1 1 1 1
         1 1 1 1 1 1 1 1 1 1 1 1 1 1 1 1 1 1 1 1 1 1 1 1 1 1 1 1 1 1 1 1 1
         1 1 1 1 1 1 1 1 1 1 1 1 1 1 0 0 0 0 0 0 0]
         [0 0 0 0 0 0 0 0 0 0 0 0 0 0 0 0 0 0 0 0 0 0 0 0 0 0 0 0 0 0 0 0 0
         0 0 0 0 0 0 0 0 0 0 0 0 0 0 0 0 0 0 0 0 0 0 0 0 0 0 0 0 0 0 0 0 0
         0 0 0 0 0 0 0 0 0 0 0 0 0 0 0 0 0 0 0 0 0 1 1 1 1 1 1 1 1 1 1 1 1
         1 1 1 1 1 1 1 1 1 1 1 1 1 1 1 1 1 1 1 1 1 1 1 1 1 1 1 1 1 1 1 1 1
         1 1 1 1 1 1 1 1 1 1 1 1 1 1 1 1 1 1 1 1 1 1 1 1 1 1 1 1 1 1 1 1 1
         1 1 1 1 1 1 1 1 1 1 1 1 1 1 1 1 1 1 1 1 1 1 1 1 1 1 1 1 1 1 1 1 1
         1 1 1 1 1 1 1 1 1 1 1 1 1 1 1 1 1 1 1 1 1 1 1 1 1 1 1 1 1 1 1 1 1
         1 1 1 1 1 1 1 1 1 1 1 1 1 0 0 0 0 0 0 0 0]
         [0 0 0 0 0 0 0 0 0 0 0 0 0 0 0 0 0 0 0 0 0 0 0 0 0 0 0 0 1 1 1 1 1
         1 1 1 1 1 1 1 1 1 1 1 1 1 1 1 1 1 1 1 1 1 1 1 1 1 1 1 1 1 1 1 1 1
         1 1 1 1 1 1 1 1 1 1 1 1 1 1 1 1 1 1 1 1 1 1 1 1 1 1 1 1 1 1 1 1 1
         1 1 1 1 1 1 1 1 1 1 1 1 1 1 1 1 1 1 1 1 1 1 1 1 1 1 1 1 1 1 1 1 1
         1 1 1 1 1 1 1 1 1 1 1 1 1 1 1 1 1 1 1 1 1 1 1 1 1 1 1 1 1 1 1 1 1
         1 1 1 1 1 1 1 1 1 1 1 1 1 1 1 1 1 1 1 1 1 1 1 1 1 1 1 1 1 1 1 1 1
         1 1 1 1 1 1 1 1 1 1 1 1 1 1 1 1 1 1 1 1 1 1 1 1 1 1 1 1 1 1 1 1 1
         1 1 1 1 1 1 1 1 1 1 1 1 0 0 0 0 0 0 0 0 0]
         [0 0 0 0 0 0 0 0 0 0 0 0 0 0 0 0 0 0 0 0 0 0 0 0 0 0 0 0 0 0 0 0 0
         0 0 0 0 0 0 0 0 0 0 0 0 0 0 0 0 0 0 0 0 0 0 0 0 1 1 1 1 1 1 1 1 1
         1 1 1 1 1 1 1 1 1 1 1 1 1 1 1 1 1 1 1 1 1 1 1 1 1 1 1 1 1 1 1 1 1
         1 1 1 1 1 1 1 1 1 1 1 1 1 1 1 1 1 1 1 1 1 1 1 1 1 1 1 1 1 1 1 1 1
         1 1 1 1 1 1 1 1 1 1 1 1 1 1 1 1 1 1 1 1 1 1 1 1 1 1 1 1 1 1 1 1 1
         1 1 1 1 1 1 1 1 1 1 1 1 1 1 1 1 1 1 1 1 1 1 1 1 1 1 1 1 1 1 1 1 1
         1 1 1 1 1 1 1 1 1 1 1 1 1 1 1 1 1 1 1 1 1 1 1 1 1 1 1 1 1 1 1 1 1
         1 1 1 0 0 0 0 0 0 0 0 0 0 0 0 0 0 0 0 0 0]
         [0 0 0 0 0 0 0 0 0 0 0 0 0 0 0 0 0 0 0 0 0 0 0 0 0 0 0 0 0 0 0 0 0
         0 0 0 0 0 0 0 0 0 0 0 0 0 0 0 0 0 0 0 0 0 0 0 0 0 0 0 0 0 0 0 0 0
         0 0 0 0 0 0 0 0 0 0 0 0 0 0 0 0 0 0 0 0 0 0 0 0 0 0 0 0 0 0 0 0 0
         0 0 0 0 0 0 0 0 0 1 1 1 1 1 1 1 1 1 1 1 1 1 1 1 1 1 1 1 1 1 1 1 1
         1 1 1 1 1 1 1 1 1 1 1 1 1 1 1 1 1 1 1 1 1 1 1 1 1 1 1 1 1 1 1 1 1
         1 1 1 1 1 1 1 1 1 1 1 1 1 1 1 1 1 1 1 1 1 1 1 1 1 1 1 1 1 1 1 1 1
         1 1 1 1 1 1 1 1 1 1 1 1 1 1 1 1 1 1 1 1 1 1 1 1 1 1 1 1 1 1 1 1 1
         1 1 1 1 1 1 1 1 0 0 0 0 0 0 0 0 0 0 0 0 0]
         [0 0 0 0 0 0 0 0 0 0 0 0 0 0 0 0 0 1 1 1 1 1 1 1 1 1 1 1 1 1 1 1 1
         1 1 1 1 1 1 1 1 1 1 1 1 1 1 1 1 1 1 1 1 1 1 1 1 1 1 1 1 1 1 1 1 1
         1 1 1 1 1 1 1 1 1 1 1 1 1 1 1 1 1 1 1 1 1 1 1 1 1 1 1 1 1 1 1 1 1
         1 1 1 1 1 1 1 1 1 1 1 1 1 1 1 1 1 1 1 1 1 1 1 1 1 1 1 1 1 1 1 1 1
         1 1 1 1 1 1 1 1 1 1 1 1 1 1 1 1 1 1 1 1 1 1 1 1 1 1 1 1 1 1 1 1 1
         1 1 1 1 1 1 1 1 1 1 1 1 1 1 1 1 1 1 1 1 1 1 1 1 1 1 1 1 1 1 1 1 1
         1 1 1 1 1 1 1 1 1 1 1 1 1 1 1 1 1 1 1 1 1 1 1 1 1 1 1 1 1 1 1 1 1
         1 1 1 1 1 1 1 1 1 1 1 1 0 0 0 0 0 0 0 0 0]
         [0 0 0 0 0 0 0 0 0 0 0 0 0 0 0 0 0 0 0 0 0 0 0 0 0 0 0 0 0 0 0 0 0
         0 0 0 0 0 0 0 0 0 1 1 1 1 1 1 1 1 1 1 1 1 1 1 1 1 1 1 1 1 1 1 1 1
         1 1 1 1 1 1 1 1 1 1 1 1 1 1 1 1 1 1 1 1 1 1 1 1 1 1 1 1 1 1 1 1 1
         1 1 1 1 1 1 1 1 1 1 1 1 1 1 1 1 1 1 1 1 1 1 1 1 1 1 1 1 1 1 1 1 1
         1 1 1 1 1 1 1 1 1 1 1 1 1 1 1 1 1 1 1 1 1 1 1 1 1 1 1 1 1 1 1 1 1
         1 1 1 1 1 1 1 1 1 1 1 1 1 1 1 1 1 1 1 1 1 1 1 1 1 1 1 1 1 1 1 1 1
         1 1 1 1 1 1 1 1 1 1 1 1 1 1 1 1 1 1 1 1 1 1 1 1 1 1 1 1 1 1 1 1 1
         1 1 1 1 1 1 1 1 1 1 1 1 1 1 1 0 0 0 0 0 0]
         [0 0 0 0 0 0 0 0 0 0 0 0 0 0 0 0 0 0 0 0 0 0 0 0 0 0 0 0 0 0 0 0 0
         0 0 0 0 0 0 0 0 0 0 0 0 0 0 0 0 0 0 0 0 0 0 0 0 0 0 0 0 0 0 0 0 0
         0 0 0 0 0 0 0 0 0 0 0 0 0 0 0 0 0 0 0 0 0 0 0 0 0 0 0 0 0 0 0 0 0
         0 0 0 0 0 1 1 1 1 1 1 1 1 1 1 1 1 1 1 1 1 1 1 1 1 1 1 1 1 1 1 1 1
         1 1 1 1 1 1 1 1 1 1 1 1 1 1 1 1 1 1 1 1 1 1 1 1 1 1 1 1 1 1 1 1 1
         1 1 1 1 1 1 1 1 1 1 1 1 1 1 1 1 1 1 1 1 1 1 1 1 1 1 1 1 1 1 1 1 1
         1 1 1 1 1 1 1 1 1 1 1 1 1 1 1 1 1 1 1 1 1 1 1 1 1 1 1 1 1 1 1 1 1
         1 1 1 1 1 1 1 1 1 0 0 0 0 0 0 0 0 0 0 0 0]
         [0 0 0 0 0 0 0 0 0 0 0 0 0 0 0 0 0 0 0 0 0 0 0 1 1 1 1 1 1 1 1 1 1
         1 1 1 1 1 1 1 1 1 1 1 1 1 1 1 1 1 1 1 1 1 1 1 1 1 1 1 1 1 1 1 1 1
         1 1 1 1 1 1 1 1 1 1 1 1 1 1 1 1 1 1 1 1 1 1 1 1 1 1 1 1 1 1 1 1 1
         1 1 1 1 1 1 1 1 1 1 1 1 1 1 1 1 1 1 1 1 1 1 1 1 1 1 1 1 1 1 1 1 1
         1 1 1 1 1 1 1 1 1 1 1 1 1 1 1 1 1 1 1 1 1 1 1 1 1 1 1 1 1 1 1 1 1
         1 1 1 1 1 1 1 1 1 1 1 1 1 1 1 1 1 1 1 1 1 1 1 1 1 1 1 1 1 1 1 1 1
         1 1 1 1 1 1 1 1 1 1 1 1 1 1 1 1 1 1 1 1 1 1 1 1 1 1 1 1 1 1 1 1 1
         1 1 1 1 1 1 1 1 1 1 1 1 1 0 0 0 0 0 0 0 0]
         [0 0 0 0 0 0 1 1 1 1 1 1 1 1 1 1 1 1 1 1 1 1 1 1 1 1 1 1 1 1 1 1 1
         1 1 1 1 1 1 1 1 1 1 1 1 1 1 1 1 1 1 1 1 1 1 1 1 1 1 1 1 1 1 1 1 1
         1 1 1 1 1 1 1 1 1 1 1 1 1 1 1 1 1 1 1 1 1 1 1 1 1 1 1 1 1 1 1 1 1
         1 1 1 1 1 1 1 1 1 1 1 1 1 1 1 1 1 1 1 1 1 1 1 1 1 1 1 1 1 1 1 1 1
         1 1 1 1 1 1 1 1 1 1 1 1 1 1 1 1 1 1 1 1 1 1 1 1 1 1 1 1 1 1 1 1 1
         1 1 1 1 1 1 1 1 1 1 1 1 1 1 1 1 1 1 1 1 1 1 1 1 1 1 1 1 1 1 1 1 1
         1 1 1 1 1 1 1 1 1 1 1 1 1 1 1 1 1 1 1 1 1 1 1 1 1 1 1 1 1 1 1 1 1
         1 1 0 0 0 0 0 0 0 0 0 0 0 0 0 0 0 0 0 0 0]
         [1 1 1 1 1 1 1 1 1 1 1 1 1 1 1 1 1 1 1 1 1 1 1 1 1 1 1 1 1 1 1 1 1
         1 1 1 1 1 1 1 1 1 1 1 1 1 1 1 1 1 1 1 1 1 1 1 1 1 1 1 1 1 1 1 1 1
         1 1 1 1 1 1 1 1 1 1 1 1 1 1 1 1 1 1 1 1 1 1 1 1 1 1 1 1 1 1 1 1 1
         1 1 1 1 1 1 1 1 1 1 1 1 1 1 1 1 1 1 1 1 1 1 1 1 1 1 1 1 1 1 1 1 1
         1 1 1 1 1 1 1 1 1 1 1 1 1 1 1 1 1 1 1 1 1 1 1 1 1 1 1 1 1 1 1 1 1
         1 1 1 1 1 1 1 1 1 1 1 1 1 1 1 1 1 1 1 1 1 1 1 1 1 1 1 1 1 1 1 1 1
         1 1 1 1 1 1 1 1 1 1 1 1 1 1 1 1 1 1 1 1 1 1 1 1 1 1 1 1 1 1 1 1 1
         1 1 0 0 0 0 0 0 0 0 0 0 0 0 0 0 0 0 0 0 0]
         [0 0 0 0 0 0 0 0 0 0 0 0 0 0 0 0 0 0 0 0 0 0 0 0 0 0 0 0 0 0 0 0 0
         0 0 0 0 0 0 0 0 0 0 0 0 0 0 0 0 0 0 0 0 0 0 0 0 0 0 0 0 0 0 0 0 0
         0 0 0 0 0 0 0 0 0 0 0 0 0 0 0 0 0 0 0 0 0 0 0 0 0 0 0 0 0 0 0 0 0
         0 0 0 0 0 0 0 0 0 0 0 0 0 0 0 0 0 0 0 0 0 0 0 0 0 0 0 0 0 0 0 0 0
         0 1 1 1 1 1 1 1 1 1 1 1 1 1 1 1 1 1 1 1 1 1 1 1 1 1 1 1 1 1 1 1 1
         1 1 1 1 1 1 1 1 1 1 1 1 1 1 1 1 1 1 1 1 1 1 1 1 1 1 1 1 1 1 1 1 1
         1 1 1 1 1 1 1 1 1 1 1 1 1 1 1 1 1 1 1 1 1 1 1 1 1 1 1 1 1 1 1 1 1
         1 1 1 1 1 1 0 0 0 0 0 0 0 0 0 0 0 0 0 0 0]
         [0 0 0 0 0 0 0 0 0 0 0 0 0 0 0 0 0 0 0 0 0 0 0 0 0 0 0 0 0 0 0 0 0
         0 0 0 0 0 0 0 0 0 0 0 0 0 0 0 0 0 0 0 0 0 0 0 0 0 0 0 0 0 0 0 0 0
         0 0 0 0 0 0 0 0 0 0 0 0 0 0 0 0 0 1 1 1 1 1 1 1 1 1 1 1 1 1 1 1 1
         1 1 1 1 1 1 1 1 1 1 1 1 1 1 1 1 1 1 1 1 1 1 1 1 1 1 1 1 1 1 1 1 1
         1 1 1 1 1 1 1 1 1 1 1 1 1 1 1 1 1 1 1 1 1 1 1 1 1 1 1 1 1 1 1 1 1
         1 1 1 1 1 1 1 1 1 1 1 1 1 1 1 1 1 1 1 1 1 1 1 1 1 1 1 1 1 1 1 1 1
         1 1 1 1 1 1 1 1 1 1 1 1 1 1 1 1 1 1 1 1 1 1 1 1 1 1 1 1 1 1 1 1 1
         1 1 1 1 1 1 1 1 1 1 1 1 1 1 0 0 0 0 0 0 0]
         [0 0 0 0 0 0 0 0 0 0 0 0 0 0 0 0 0 0 0 0 0 0 0 0 0 0 0 0 0 0 0 0 0
         0 0 0 0 0 0 0 0 0 0 0 0 0 0 0 0 0 0 0 0 0 0 0 0 0 0 0 0 0 0 0 0 0
         0 0 0 0 0 0 0 0 0 0 0 0 0 0 1 1 1 1 1 1 1 1 1 1 1 1 1 1 1 1 1 1 1
         1 1 1 1 1 1 1 1 1 1 1 1 1 1 1 1 1 1 1 1 1 1 1 1 1 1 1 1 1 1 1 1 1
         1 1 1 1 1 1 1 1 1 1 1 1 1 1 1 1 1 1 1 1 1 1 1 1 1 1 1 1 1 1 1 1 1
         1 1 1 1 1 1 1 1 1 1 1 1 1 1 1 1 1 1 1 1 1 1 1 1 1 1 1 1 1 1 1 1 1
         1 1 1 1 1 1 1 1 1 1 1 1 1 1 1 1 1 1 1 1 1 1 1 1 1 1 1 1 1 1 1 1 1
         1 1 0 0 0 0 0 0 0 0 0 0 0 0 0 0 0 0 0 0 0]
         [0 0 0 0 0 0 0 0 0 0 0 0 0 0 0 0 0 0 0 0 0 0 0 0 0 0 0 0 0 0 0 0 0
         0 0 0 0 0 0 0 0 0 0 0 0 0 0 0 0 0 0 0 0 0 0 0 0 0 0 0 0 0 0 0 0 0
         0 0 0 0 0 0 1 1 1 1 1 1 1 1 1 1 1 1 1 1 1 1 1 1 1 1 1 1 1 1 1 1 1
         1 1 1 1 1 1 1 1 1 1 1 1 1 1 1 1 1 1 1 1 1 1 1 1 1 1 1 1 1 1 1 1 1
         1 1 1 1 1 1 1 1 1 1 1 1 1 1 1 1 1 1 1 1 1 1 1 1 1 1 1 1 1 1 1 1 1
         1 1 1 1 1 1 1 1 1 1 1 1 1 1 1 1 1 1 1 1 1 1 1 1 1 1 1 1 1 1 1 1 1
         1 1 1 1 1 1 1 1 1 1 1 1 1 1 1 1 1 1 1 1 1 1 1 1 1 1 1 1 1 1 1 1 1
         1 1 1 1 1 1 1 1 1 1 0 0 0 0 0 0 0 0 0 0 0]
         [0 0 0 0 0 0 0 0 0 0 0 0 0 0 0 0 0 0 0 0 0 0 0 0 0 1 1 1 1 1 1 1 1
         1 1 1 1 1 1 1 1 1 1 1 1 1 1 1 1 1 1 1 1 1 1 1 1 1 1 1 1 1 1 1 1 1
         1 1 1 1 1 1 1 1 1 1 1 1 1 1 1 1 1 1 1 1 1 1 1 1 1 1 1 1 1 1 1 1 1
         1 1 1 1 1 1 1 1 1 1 1 1 1 1 1 1 1 1 1 1 1 1 1 1 1 1 1 1 1 1 1 1 1
         1 1 1 1 1 1 1 1 1 1 1 1 1 1 1 1 1 1 1 1 1 1 1 1 1 1 1 1 1 1 1 1 1
         1 1 1 1 1 1 1 1 1 1 1 1 1 1 1 1 1 1 1 1 1 1 1 1 1 1 1 1 1 1 1 1 1
         1 1 1 1 1 1 1 1 1 1 1 1 1 1 1 1 1 1 1 1 1 1 1 1 1 1 1 1 1 1 1 1 1
         1 1 1 1 1 1 1 1 1 1 0 0 0 0 0 0 0 0 0 0 0]
         [0 0 0 0 0 0 0 0 0 0 0 0 0 0 0 0 0 0 0 0 0 0 0 0 0 0 0 0 0 0 0 0 0
         0 0 0 0 0 0 0 0 0 0 0 0 0 0 0 0 0 0 0 0 0 0 0 0 0 0 0 0 0 0 0 0 0
         0 0 0 0 0 0 0 0 0 0 0 1 1 1 1 1 1 1 1 1 1 1 1 1 1 1 1 1 1 1 1 1 1
         1 1 1 1 1 1 1 1 1 1 1 1 1 1 1 1 1 1 1 1 1 1 1 1 1 1 1 1 1 1 1 1 1
         1 1 1 1 1 1 1 1 1 1 1 1 1 1 1 1 1 1 1 1 1 1 1 1 1 1 1 1 1 1 1 1 1
         1 1 1 1 1 1 1 1 1 1 1 1 1 1 1 1 1 1 1 1 1 1 1 1 1 1 1 1 1 1 1 1 1
         1 1 1 1 1 1 1 1 1 1 1 1 1 1 1 1 1 1 1 1 1 1 1 1 1 1 1 1 1 1 1 1 1
         1 1 1 1 1 1 1 1 0 0 0 0 0 0 0 0 0 0 0 0 0]
         [0 0 0 0 0 0 0 0 0 0 0 0 0 0 0 0 0 0 0 0 0 0 0 0 0 0 0 0 0 0 1 1 1
         1 1 1 1 1 1 1 1 1 1 1 1 1 1 1 1 1 1 1 1 1 1 1 1 1 1 1 1 1 1 1 1 1
         1 1 1 1 1 1 1 1 1 1 1 1 1 1 1 1 1 1 1 1 1 1 1 1 1 1 1 1 1 1 1 1 1
         1 1 1 1 1 1 1 1 1 1 1 1 1 1 1 1 1 1 1 1 1 1 1 1 1 1 1 1 1 1 1 1 1
         1 1 1 1 1 1 1 1 1 1 1 1 1 1 1 1 1 1 1 1 1 1 1 1 1 1 1 1 1 1 1 1 1
         1 1 1 1 1 1 1 1 1 1 1 1 1 1 1 1 1 1 1 1 1 1 1 1 1 1 1 1 1 1 1 1 1
         1 1 1 1 1 1 1 1 1 1 1 1 1 1 1 1 1 1 1 1 1 1 1 1 1 1 1 1 1 1 1 1 1
         1 1 1 1 1 1 1 0 0 0 0 0 0 0 0 0 0 0 0 0 0]]
 [[[0 0 0 0]
             [0 0 1 0]
             [0 0 0 0]]
         [[0 0 0 0]
             [0 0 0 0]
             [0 1 0 0]]
         [[0 0 0 0]
             [0 0 0 0]
             [0 0 0 1]]
         [[1 0 0 0]
             [0 0 0 0]
             [0 0 0 0]]
         [[0 0 0 0]
             [0 0 0 0]
             [0 0 1 0]]
         [[0 0 0 0]
             [0 0 0 0]
             [1 0 0 0]]
         [[0 0 0 0]
             [0 1 0 0]
             [0 0 0 0]]
         [[0 0 0 0]
             [0 0 0 1]
             [0 0 0 0]]
         [[0 1 0 0]
             [0 0 0 0]
             [0 0 0 0]]
         [[0 0 0 0]
             [1 0 0 0]
             [0 0 0 0]]
         [[0 0 1 0]
             [0 0 0 0]
             [0 0 0 0]]
         [[0 0 0 1]
             [0 0 0 0]
             [0 0 0 0]]
         [[0 1 0 0]
             [0 0 0 0]
             [0 0 0 0]]
         [[1 0 0 0]
             [0 0 0 0]
             [0 0 0 0]]
         [[0 0 0 0]
             [0 0 0 0]
             [1 0 0 0]]
         [[0 1 0 0]
             [0 0 0 0]
             [0 0 0 0]]
         [[0 0 0 0]
             [0 0 0 0]
             [0 0 1 0]]
         [[0 0 1 0]
             [0 0 0 0]
             [0 0 0 0]]
         [[0 1 0 0]
             [0 0 0 0]
             [0 0 0 0]]
         [[0 0 0 0]
             [0 0 0 0]
             [0 0 0 1]]]
 [20 134 107 118 84 37 91 31 158 103 47 148 38 58 157 18 57 105 29 7 1 142 100
     129 73 26 78 51]
 [31 142 125 129 99 55 103 51 172 115 54 156 47 76 170 27 63 117 37 26 20 157
     107 148 84 37 91 65]
 [[0 1 0]
         [0 0 1]
         [0 0 1]
         [1 0 0]
         [0 0 1]
         [0 0 1]
         [0 1 0]
         [0 1 0]
         [1 0 0]
         [0 1 0]
         [1 0 0]
         [1 0 0]
         [1 0 0]
         [1 0 0]
         [0 0 1]
         [1 0 0]
         [0 0 1]
         [1 0 0]
         [1 0 0]
         [0 0 1]]
 [[1 0 0 0 0 0 0 0 0 0 0 0 0 0 0 0 0 0 0 0 0 0 0 0 0 0 0 0 0 0 0 0 0 0 0 0 0
         0 0 0 0 0 0 0 0 0 0 0 0 0 0 0 0 0 0 0 0 0 0 0 0 0 0 0 0 0 0 0 0 0
         0 0 0 0 0 0 0 0 0 0 0 0 0 0 0 0 0 0 0 0 0 0 0 0 0 0 0 0 0 0 0 0 0
         0 0 0 0 0 0 0 0 0 0 0 0 0 0 0 0 0 0 0 0 0 0 0 0 0 0 0 0 0 0 0 0 0
         0 0 0 0 0 0 0 0 0 0 0 0 0 0 0 0 0 0 0 0 0 0 0 0 0 0 0 0 0 0 0 0 0
         0 0 0 0 0 0 0 0 0 0 0 0 0 0 0 0 0 0 0 0 0 0 0 0 0 0 0 0 0 0 0 0 0
         0 0 0 0 0 0 0 0 0 0 0 0 0 0 0 0 0 0 0 0 0 0 0 0 0 0 0 0 0 0 0 0 0
         0 0 0 0 0 0 0 0 0 0 0 0 0 0 0 0 0]
         [0 0 0 0 0 0 0 0 0 0 0 0 0 0 0 0 0 0 0 0 0 0 0 0 0 0 0 0 0 0 0 0 0
         0 0 0 0 0 0 0 0 0 0 0 0 0 0 0 0 0 0 0 0 0 0 0 0 0 0 0 0 0 0 0 0 0
         0 0 0 0 0 0 0 0 0 0 0 0 0 0 0 0 0 0 0 0 0 0 0 0 0 0 0 0 0 0 0 0 0
         0 0 0 0 0 0 0 0 0 0 0 0 0 0 0 0 0 0 0 0 0 0 0 0 0 0 0 0 0 0 0 0 0
         0 1 0 0 0 0 0 0 0 0 0 0 0 0 0 0 0 0 0 0 0 0 0 0 0 0 0 0 0 0 0 0 0
         0 0 0 0 0 0 0 0 0 0 0 0 0 0 0 0 0 0 0 0 0 0 0 0 0 0 0 0 0 0 0 0 0
         0 0 0 0 0 0 0 0 0 0 0 0 0 0 0 0 0 0 0 0 0 0 0 0 0 0 0 0 0 0 0 0 0
         0 0 0 0 0 0 0 0 0 0 0 0 0 0 0 0 0 0 0 0 0]
         [0 0 0 0 0 0 0 0 0 0 0 0 0 0 0 0 0 0 0 0 0 0 0 0 0 0 0 0 0 0 0 0 0
         0 0 0 0 0 0 0 0 0 0 0 0 0 0 0 0 0 0 0 0 0 0 0 0 0 0 0 0 0 0 0 0 0
         0 0 0 0 0 0 0 0 0 0 0 0 0 0 0 0 0 1 0 0 0 0 0 0 0 0 0 0 0 0 0 0 0
         0 0 0 0 0 0 0 0 0 0 0 0 0 0 0 0 0 0 0 0 0 0 0 0 0 0 0 0 0 0 0 0 0
         0 0 0 0 0 0 0 0 0 0 0 0 0 0 0 0 0 0 0 0 0 0 0 0 0 0 0 0 0 0 0 0 0
         0 0 0 0 0 0 0 0 0 0 0 0 0 0 0 0 0 0 0 0 0 0 0 0 0 0 0 0 0 0 0 0 0
         0 0 0 0 0 0 0 0 0 0 0 0 0 0 0 0 0 0 0 0 0 0 0 0 0 0 0 0 0 0 0 0 0
         0 0 0 0 0 0 0 0 0 0 0 0 0 0 0 0 0 0 0 0 0]
         [0 0 0 0 0 0 0 0 0 0 0 0 0 0 0 0 0 0 0 0 0 0 0 0 0 0 0 0 0 0 0 0 0
         0 0 0 0 0 0 0 0 0 0 0 0 0 0 0 0 0 0 0 0 0 0 0 0 0 0 0 0 0 0 0 0 0
         0 0 0 0 0 0 0 0 0 0 0 0 0 0 0 0 0 0 0 0 0 0 0 0 0 0 0 0 0 0 0 0 0
         0 0 0 0 0 0 0 0 0 0 0 0 0 0 0 1 0 0 0 0 0 0 0 0 0 0 0 0 0 0 0 0 0
         0 0 0 0 0 0 0 0 0 0 0 0 0 0 0 0 0 0 0 0 0 0 0 0 0 0 0 0 0 0 0 0 0
         0 0 0 0 0 0 0 0 0 0 0 0 0 0 0 0 0 0 0 0 0 0 0 0 0 0 0 0 0 0 0 0 0
         0 0 0 0 0 0 0 0 0 0 0 0 0 0 0 0 0 0 0 0 0 0 0 0 0 0 0 0 0 0 0 0 0
         0 0 0 0 0 0 0 0 0 0 0 0 0 0 0 0 0 0 0 0 0]
         [0 0 0 0 0 0 0 0 0 0 0 0 0 0 0 0 0 0 0 0 0 0 0 0 0 0 0 0 0 0 0 0 0
         0 0 0 0 0 0 0 0 0 0 0 0 0 0 0 0 0 0 0 0 0 0 0 0 0 0 0 0 0 0 0 0 0
         0 0 0 0 0 0 1 0 0 0 0 0 0 0 0 0 0 0 0 0 0 0 0 0 0 0 0 0 0 0 0 0 0
         0 0 0 0 0 0 0 0 0 0 0 0 0 0 0 0 0 0 0 0 0 0 0 0 0 0 0 0 0 0 0 0 0
         0 0 0 0 0 0 0 0 0 0 0 0 0 0 0 0 0 0 0 0 0 0 0 0 0 0 0 0 0 0 0 0 0
         0 0 0 0 0 0 0 0 0 0 0 0 0 0 0 0 0 0 0 0 0 0 0 0 0 0 0 0 0 0 0 0 0
         0 0 0 0 0 0 0 0 0 0 0 0 0 0 0 0 0 0 0 0 0 0 0 0 0 0 0 0 0 0 0 0 0
         0 0 0 0 0 0 0 0 0 0 0 0 0 0 0 0 0 0 0 0 0]
         [0 0 0 0 0 0 0 0 0 0 0 0 0 0 0 0 0 0 0 0 0 0 0 0 0 0 1 0 0 0 0 0 0
         0 0 0 0 0 0 0 0 0 0 0 0 0 0 0 0 0 0 0 0 0 0 0 0 0 0 0 0 0 0 0 0 0
         0 0 0 0 0 0 0 0 0 0 0 0 0 0 0 0 0 0 0 0 0 0 0 0 0 0 0 0 0 0 0 0 0
         0 0 0 0 0 0 0 0 0 0 0 0 0 0 0 0 0 0 0 0 0 0 0 0 0 0 0 0 0 0 0 0 0
         0 0 0 0 0 0 0 0 0 0 0 0 0 0 0 0 0 0 0 0 0 0 0 0 0 0 0 0 0 0 0 0 0
         0 0 0 0 0 0 0 0 0 0 0 0 0 0 0 0 0 0 0 0 0 0 0 0 0 0 0 0 0 0 0 0 0
         0 0 0 0 0 0 0 0 0 0 0 0 0 0 0 0 0 0 0 0 0 0 0 0 0 0 0 0 0 0 0 0 0
         0 0 0 0 0 0 0 0 0 0 0 0 0 0 0 0 0 0 0 0 0]
         [0 0 0 0 0 0 0 0 0 0 0 0 0 0 0 0 0 0 0 0 0 0 0 0 0 0 0 0 0 0 0 0 0
         0 0 0 0 0 0 0 0 0 0 0 0 0 0 0 0 0 0 0 0 0 0 0 0 0 0 0 0 0 0 0 0 0
         0 0 0 0 0 0 0 0 0 0 0 0 0 1 0 0 0 0 0 0 0 0 0 0 0 0 0 0 0 0 0 0 0
         0 0 0 0 0 0 0 0 0 0 0 0 0 0 0 0 0 0 0 0 0 0 0 0 0 0 0 0 0 0 0 0 0
         0 0 0 0 0 0 0 0 0 0 0 0 0 0 0 0 0 0 0 0 0 0 0 0 0 0 0 0 0 0 0 0 0
         0 0 0 0 0 0 0 0 0 0 0 0 0 0 0 0 0 0 0 0 0 0 0 0 0 0 0 0 0 0 0 0 0
         0 0 0 0 0 0 0 0 0 0 0 0 0 0 0 0 0 0 0 0 0 0 0 0 0 0 0 0 0 0 0 0 0
         0 0 0 0 0 0 0 0 0 0 0 0 0 0 0 0 0 0 0 0 0]
         [0 0 0 0 0 0 0 0 0 0 0 0 0 0 0 0 0 0 0 0 0 0 0 0 0 0 0 0 0 0 1 0 0
         0 0 0 0 0 0 0 0 0 0 0 0 0 0 0 0 0 0 0 0 0 0 0 0 0 0 0 0 0 0 0 0 0
         0 0 0 0 0 0 0 0 0 0 0 0 0 0 0 0 0 0 0 0 0 0 0 0 0 0 0 0 0 0 0 0 0
         0 0 0 0 0 0 0 0 0 0 0 0 0 0 0 0 0 0 0 0 0 0 0 0 0 0 0 0 0 0 0 0 0
         0 0 0 0 0 0 0 0 0 0 0 0 0 0 0 0 0 0 0 0 0 0 0 0 0 0 0 0 0 0 0 0 0
         0 0 0 0 0 0 0 0 0 0 0 0 0 0 0 0 0 0 0 0 0 0 0 0 0 0 0 0 0 0 0 0 0
         0 0 0 0 0 0 0 0 0 0 0 0 0 0 0 0 0 0 0 0 0 0 0 0 0 0 0 0 0 0 0 0 0
         0 0 0 0 0 0 0 0 0 0 0 0 0 0 0 0 0 0 0 0 0]
         [0 0 0 0 0 0 0 0 0 0 0 0 0 0 0 0 0 0 0 0 0 0 0 0 0 0 0 0 0 0 0 0 0
         0 0 0 0 0 0 0 0 0 0 0 0 0 0 0 0 0 0 0 0 0 0 0 0 0 0 0 0 0 0 0 0 0
         0 0 0 0 0 0 0 0 0 0 0 0 0 0 0 0 0 0 0 0 0 0 0 0 0 0 0 0 0 0 0 0 0
         0 0 0 0 0 0 0 0 0 0 0 0 0 0 0 0 0 0 0 0 0 0 0 0 0 0 0 0 0 0 0 0 0
         0 1 0 0 0 0 0 0 0 0 0 0 0 0 0 0 0 0 0 0 0 0 0 0 0 0 0 0 0 0 0 0 0
         0 0 0 0 0 0 0 0 0 0 0 0 0 0 0 0 0 0 0 0 0 0 0 0 0 0 0 0 0 0 0 0 0
         0 0 0 0 0 0 0 0 0 0 0 0 0 0 0 0 0 0 0 0 0 0 0 0 0 0 0 0 0 0 0 0 0
         0 0 0 0 0 0 0 0 0 0 0 0 0 0 0 0 0 0 0 0 0]
         [0 0 0 0 0 0 0 0 0 0 0 0 0 0 0 0 0 0 0 0 0 0 0 0 0 0 0 0 0 0 0 0 0
         0 0 0 0 0 0 0 0 0 0 0 0 0 0 0 0 0 0 0 0 0 0 0 0 0 0 0 0 0 0 0 0 0
         0 0 0 0 0 0 0 0 0 0 0 0 0 0 0 0 0 0 0 0 0 0 0 0 0 0 0 0 0 0 0 0 0
         0 0 0 1 0 0 0 0 0 0 0 0 0 0 0 0 0 0 0 0 0 0 0 0 0 0 0 0 0 0 0 0 0
         0 0 0 0 0 0 0 0 0 0 0 0 0 0 0 0 0 0 0 0 0 0 0 0 0 0 0 0 0 0 0 0 0
         0 0 0 0 0 0 0 0 0 0 0 0 0 0 0 0 0 0 0 0 0 0 0 0 0 0 0 0 0 0 0 0 0
         0 0 0 0 0 0 0 0 0 0 0 0 0 0 0 0 0 0 0 0 0 0 0 0 0 0 0 0 0 0 0 0 0
         0 0 0 0 0 0 0 0 0 0 0 0 0 0 0 0 0 0 0 0 0]
         [0 0 0 0 0 0 0 0 0 0 0 0 0 0 0 0 0 0 0 0 0 0 0 0 0 0 0 0 0 0 0 0 0
         0 0 0 0 0 0 0 0 0 0 0 0 0 0 0 1 0 0 0 0 0 0 0 0 0 0 0 0 0 0 0 0 0
         0 0 0 0 0 0 0 0 0 0 0 0 0 0 0 0 0 0 0 0 0 0 0 0 0 0 0 0 0 0 0 0 0
         0 0 0 0 0 0 0 0 0 0 0 0 0 0 0 0 0 0 0 0 0 0 0 0 0 0 0 0 0 0 0 0 0
         0 0 0 0 0 0 0 0 0 0 0 0 0 0 0 0 0 0 0 0 0 0 0 0 0 0 0 0 0 0 0 0 0
         0 0 0 0 0 0 0 0 0 0 0 0 0 0 0 0 0 0 0 0 0 0 0 0 0 0 0 0 0 0 0 0 0
         0 0 0 0 0 0 0 0 0 0 0 0 0 0 0 0 0 0 0 0 0 0 0 0 0 0 0 0 0 0 0 0 0
         0 0 0 0 0 0 0 0 0 0 0 0 0 0 0 0 0 0 0 0 0]
         [0 0 0 0 0 0 0 0 0 0 0 0 0 0 0 0 0 0 0 0 0 0 0 0 0 0 0 0 0 0 0 0 0
         0 0 0 0 0 0 0 0 0 0 0 0 0 0 0 0 0 0 0 0 0 0 0 0 0 0 0 0 0 0 0 0 0
         0 0 0 0 0 0 0 0 0 0 0 0 0 0 0 0 0 0 0 0 0 0 0 0 0 0 0 0 0 0 0 0 0
         0 0 0 0 0 0 0 0 0 0 0 0 0 0 0 0 0 0 0 0 0 0 0 0 1 0 0 0 0 0 0 0 0
         0 0 0 0 0 0 0 0 0 0 0 0 0 0 0 0 0 0 0 0 0 0 0 0 0 0 0 0 0 0 0 0 0
         0 0 0 0 0 0 0 0 0 0 0 0 0 0 0 0 0 0 0 0 0 0 0 0 0 0 0 0 0 0 0 0 0
         0 0 0 0 0 0 0 0 0 0 0 0 0 0 0 0 0 0 0 0 0 0 0 0 0 0 0 0 0 0 0 0 0
         0 0 0 0 0 0 0 0 0 0 0 0 0 0 0 0 0 0 0 0 0]
         [0 0 0 0 0 0 0 0 0 0 0 0 0 0 0 0 0 0 0 0 0 0 0 0 0 0 0 0 0 0 0 0 0
         1 0 0 0 0 0 0 0 0 0 0 0 0 0 0 0 0 0 0 0 0 0 0 0 0 0 0 0 0 0 0 0 0
         0 0 0 0 0 0 0 0 0 0 0 0 0 0 0 0 0 0 0 0 0 0 0 0 0 0 0 0 0 0 0 0 0
         0 0 0 0 0 0 0 0 0 0 0 0 0 0 0 0 0 0 0 0 0 0 0 0 0 0 0 0 0 0 0 0 0
         0 0 0 0 0 0 0 0 0 0 0 0 0 0 0 0 0 0 0 0 0 0 0 0 0 0 0 0 0 0 0 0 0
         0 0 0 0 0 0 0 0 0 0 0 0 0 0 0 0 0 0 0 0 0 0 0 0 0 0 0 0 0 0 0 0 0
         0 0 0 0 0 0 0 0 0 0 0 0 0 0 0 0 0 0 0 0 0 0 0 0 0 0 0 0 0 0 0 0 0
         0 0 0 0 0 0 0 0 0 0 0 0 0 0 0 0 0 0 0 0 0]
         [0 0 0 0 0 0 0 0 0 0 0 0 0 0 0 0 0 0 0 0 0 0 0 0 0 0 0 0 0 0 0 0 0
         0 0 0 0 0 0 0 0 0 0 0 0 0 0 0 0 0 0 0 0 0 0 0 0 1 0 0 0 0 0 0 0 0
         0 0 0 0 0 0 0 0 0 0 0 0 0 0 0 0 0 0 0 0 0 0 0 0 0 0 0 0 0 0 0 0 0
         0 0 0 0 0 0 0 0 0 0 0 0 0 0 0 0 0 0 0 0 0 0 0 0 0 0 0 0 0 0 0 0 0
         0 0 0 0 0 0 0 0 0 0 0 0 0 0 0 0 0 0 0 0 0 0 0 0 0 0 0 0 0 0 0 0 0
         0 0 0 0 0 0 0 0 0 0 0 0 0 0 0 0 0 0 0 0 0 0 0 0 0 0 0 0 0 0 0 0 0
         0 0 0 0 0 0 0 0 0 0 0 0 0 0 0 0 0 0 0 0 0 0 0 0 0 0 0 0 0 0 0 0 0
         0 0 0 0 0 0 0 0 0 0 0 0 0 0 0 0 0 0 0 0 0]
         [0 0 0 0 0 0 0 0 0 0 0 0 0 0 0 0 0 0 0 0 0 0 0 0 0 0 0 0 0 0 0 0 0
         0 0 0 0 0 0 0 0 0 0 0 0 0 0 0 0 0 0 0 0 0 0 0 0 0 0 0 0 0 0 0 0 0
         0 0 0 0 0 0 0 0 0 0 0 0 0 0 0 0 0 0 0 0 0 0 0 0 0 0 0 0 0 0 0 0 0
         0 0 0 0 0 0 0 0 0 0 0 0 0 0 0 0 0 1 0 0 0 0 0 0 0 0 0 0 0 0 0 0 0
         0 0 0 0 0 0 0 0 0 0 0 0 0 0 0 0 0 0 0 0 0 0 0 0 0 0 0 0 0 0 0 0 0
         0 0 0 0 0 0 0 0 0 0 0 0 0 0 0 0 0 0 0 0 0 0 0 0 0 0 0 0 0 0 0 0 0
         0 0 0 0 0 0 0 0 0 0 0 0 0 0 0 0 0 0 0 0 0 0 0 0 0 0 0 0 0 0 0 0 0
         0 0 0 0 0 0 0 0 0 0 0 0 0 0 0 0 0 0 0 0 0]
         [0 0 0 0 0 0 0 0 0 0 0 0 0 0 0 0 0 1 0 0 0 0 0 0 0 0 0 0 0 0 0 0 0
         0 0 0 0 0 0 0 0 0 0 0 0 0 0 0 0 0 0 0 0 0 0 0 0 0 0 0 0 0 0 0 0 0
         0 0 0 0 0 0 0 0 0 0 0 0 0 0 0 0 0 0 0 0 0 0 0 0 0 0 0 0 0 0 0 0 0
         0 0 0 0 0 0 0 0 0 0 0 0 0 0 0 0 0 0 0 0 0 0 0 0 0 0 0 0 0 0 0 0 0
         0 0 0 0 0 0 0 0 0 0 0 0 0 0 0 0 0 0 0 0 0 0 0 0 0 0 0 0 0 0 0 0 0
         0 0 0 0 0 0 0 0 0 0 0 0 0 0 0 0 0 0 0 0 0 0 0 0 0 0 0 0 0 0 0 0 0
         0 0 0 0 0 0 0 0 0 0 0 0 0 0 0 0 0 0 0 0 0 0 0 0 0 0 0 0 0 0 0 0 0
         0 0 0 0 0 0 0 0 0 0 0 0 0 0 0 0 0 0 0 0 0]
         [0 0 0 0 0 0 0 0 0 0 0 0 0 0 0 0 0 0 0 0 0 0 0 0 0 0 0 0 0 0 0 0 0
         0 0 0 0 0 0 0 0 0 1 0 0 0 0 0 0 0 0 0 0 0 0 0 0 0 0 0 0 0 0 0 0 0
         0 0 0 0 0 0 0 0 0 0 0 0 0 0 0 0 0 0 0 0 0 0 0 0 0 0 0 0 0 0 0 0 0
         0 0 0 0 0 0 0 0 0 0 0 0 0 0 0 0 0 0 0 0 0 0 0 0 0 0 0 0 0 0 0 0 0
         0 0 0 0 0 0 0 0 0 0 0 0 0 0 0 0 0 0 0 0 0 0 0 0 0 0 0 0 0 0 0 0 0
         0 0 0 0 0 0 0 0 0 0 0 0 0 0 0 0 0 0 0 0 0 0 0 0 0 0 0 0 0 0 0 0 0
         0 0 0 0 0 0 0 0 0 0 0 0 0 0 0 0 0 0 0 0 0 0 0 0 0 0 0 0 0 0 0 0 0
         0 0 0 0 0 0 0 0 0 0 0 0 0 0 0 0 0 0 0 0 0]
         [0 0 0 0 0 0 0 0 0 0 0 0 0 0 0 0 0 0 0 0 0 0 0 0 0 0 0 0 0 0 0 0 0
         0 0 0 0 0 0 0 0 0 0 0 0 0 0 0 0 0 0 0 0 0 0 0 0 0 0 0 0 0 0 0 0 0
         0 0 0 0 0 0 0 0 0 0 0 0 0 0 0 0 0 0 0 0 0 0 0 0 0 0 0 0 0 0 0 0 0
         0 0 0 0 0 1 0 0 0 0 0 0 0 0 0 0 0 0 0 0 0 0 0 0 0 0 0 0 0 0 0 0 0
         0 0 0 0 0 0 0 0 0 0 0 0 0 0 0 0 0 0 0 0 0 0 0 0 0 0 0 0 0 0 0 0 0
         0 0 0 0 0 0 0 0 0 0 0 0 0 0 0 0 0 0 0 0 0 0 0 0 0 0 0 0 0 0 0 0 0
         0 0 0 0 0 0 0 0 0 0 0 0 0 0 0 0 0 0 0 0 0 0 0 0 0 0 0 0 0 0 0 0 0
         0 0 0 0 0 0 0 0 0 0 0 0 0 0 0 0 0 0 0 0 0]
         [0 0 0 0 0 0 0 0 0 0 0 0 0 0 0 0 0 0 0 0 0 0 0 0 0 1 0 0 0 0 0 0 0
         0 0 0 0 0 0 0 0 0 0 0 0 0 0 0 0 0 0 0 0 0 0 0 0 0 0 0 0 0 0 0 0 0
         0 0 0 0 0 0 0 0 0 0 0 0 0 0 0 0 0 0 0 0 0 0 0 0 0 0 0 0 0 0 0 0 0
         0 0 0 0 0 0 0 0 0 0 0 0 0 0 0 0 0 0 0 0 0 0 0 0 0 0 0 0 0 0 0 0 0
         0 0 0 0 0 0 0 0 0 0 0 0 0 0 0 0 0 0 0 0 0 0 0 0 0 0 0 0 0 0 0 0 0
         0 0 0 0 0 0 0 0 0 0 0 0 0 0 0 0 0 0 0 0 0 0 0 0 0 0 0 0 0 0 0 0 0
         0 0 0 0 0 0 0 0 0 0 0 0 0 0 0 0 0 0 0 0 0 0 0 0 0 0 0 0 0 0 0 0 0
         0 0 0 0 0 0 0 0 0 0 0 0 0 0 0 0 0 0 0 0 0]
         [0 0 0 0 0 0 1 0 0 0 0 0 0 0 0 0 0 0 0 0 0 0 0 0 0 0 0 0 0 0 0 0 0
         0 0 0 0 0 0 0 0 0 0 0 0 0 0 0 0 0 0 0 0 0 0 0 0 0 0 0 0 0 0 0 0 0
         0 0 0 0 0 0 0 0 0 0 0 0 0 0 0 0 0 0 0 0 0 0 0 0 0 0 0 0 0 0 0 0 0
         0 0 0 0 0 0 0 0 0 0 0 0 0 0 0 0 0 0 0 0 0 0 0 0 0 0 0 0 0 0 0 0 0
         0 0 0 0 0 0 0 0 0 0 0 0 0 0 0 0 0 0 0 0 0 0 0 0 0 0 0 0 0 0 0 0 0
         0 0 0 0 0 0 0 0 0 0 0 0 0 0 0 0 0 0 0 0 0 0 0 0 0 0 0 0 0 0 0 0 0
         0 0 0 0 0 0 0 0 0 0 0 0 0 0 0 0 0 0 0 0 0 0 0 0 0 0 0 0 0 0 0 0 0
         0 0 0 0 0 0 0 0 0 0 0 0 0 0 0 0 0 0 0 0 0]
         [0 0 0 0 0 0 0 0 0 0 0 0 0 0 0 0 0 0 0 0 0 0 0 0 0 0 0 0 0 0 0 0 0
         0 0 0 0 0 0 0 0 0 0 0 0 0 0 0 0 0 0 0 0 0 0 0 0 0 0 0 0 0 0 0 0 0
         0 0 0 0 0 0 0 0 0 0 0 0 0 0 0 0 0 0 0 0 0 0 0 0 0 0 0 0 0 0 0 0 0
         0 0 0 0 0 0 0 0 0 0 0 0 0 0 0 0 0 0 0 0 0 0 0 0 0 0 0 0 0 0 0 0 0
         0 0 0 0 0 0 0 0 0 0 0 0 0 0 0 0 0 0 0 0 0 0 0 0 0 0 0 0 0 0 0 0 0
         0 0 0 0 0 0 0 0 0 0 0 0 0 0 0 0 0 0 0 0 0 0 0 0 0 0 0 0 0 0 0 0 0
         0 0 0 0 0 0 0 0 0 0 0 0 0 0 0 0 0 0 0 0 0 0 0 0 0 0 0 0 0 0 0 0 0
         0 0 0 0 0 0 0 0 0 0 0 0 0 0 0 0 0 0 0 0 0]
         [0 0 0 0 0 0 0 0 0 0 0 0 0 0 0 0 0 0 0 0 0 0 0 0 0 0 0 0 0 0 0 0 0
         0 0 0 0 0 0 0 0 0 0 0 0 0 0 0 0 0 0 0 0 0 0 0 0 0 0 0 0 0 0 0 0 0
         0 0 0 0 0 0 0 0 0 0 0 0 0 0 0 0 0 0 0 0 0 0 0 0 0 0 0 0 0 0 0 0 0
         0 0 0 0 0 0 0 0 0 0 0 0 0 0 0 0 0 0 0 0 0 0 0 0 0 0 0 0 0 0 0 0 0
         0 0 0 0 0 0 0 0 0 0 0 0 0 0 0 0 0 0 0 0 0 0 0 0 0 0 0 0 0 0 0 0 0
         0 0 0 0 0 0 0 0 0 0 0 0 0 0 0 0 0 0 0 0 0 0 0 0 0 0 0 0 0 0 0 0 0
         0 0 0 0 0 0 0 0 0 0 0 0 0 0 0 0 0 0 0 0 0 0 0 0 0 0 0 0 0 0 0 0 0
         0 0 0 0 0 0 0 0 0 0 0 0 0 0 0 0 0 0 0 0 0]
         [0 0 0 0 0 0 0 0 0 0 0 0 0 0 0 0 0 0 0 0 0 0 0 0 0 0 0 0 0 0 0 0 0
         0 0 0 0 0 0 0 0 0 0 0 0 0 0 0 0 0 0 0 0 0 0 0 0 0 0 0 0 0 0 0 0 0
         0 0 0 0 0 0 0 0 0 0 0 0 0 0 0 0 0 0 0 0 0 0 0 0 0 0 0 0 0 0 0 0 0
         0 0 0 0 0 0 0 0 0 0 0 0 0 0 0 0 0 0 0 0 0 0 0 0 0 0 0 0 0 0 0 0 0
         0 0 0 0 0 0 0 0 0 0 0 0 0 0 0 0 0 0 0 0 0 0 0 0 0 0 0 0 0 0 0 0 0
         0 0 0 0 0 0 0 0 0 0 0 0 0 0 0 0 0 0 0 0 0 0 0 0 0 0 0 0 0 0 0 0 0
         0 0 0 0 0 0 0 0 0 0 0 0 0 0 0 0 0 0 0 0 0 0 0 0 0 0 0 0 0 0 0 0 0
         0 0 0 0 0 0 0 0 0 0 0 0 0 0 0 0 0 0 0 0 0]
         [0 0 0 0 0 0 0 0 0 0 0 0 0 0 0 0 0 0 0 0 0 0 0 0 0 0 0 0 0 0 0 0 0
         0 0 0 0 0 0 0 0 0 0 0 0 0 0 0 0 0 0 0 0 0 0 0 0 0 0 0 0 0 0 0 0 0
         0 0 0 0 0 0 0 0 0 0 0 0 0 0 0 0 0 0 0 0 0 0 0 0 0 0 0 0 0 0 0 0 0
         0 0 0 0 0 0 0 0 0 0 0 0 0 0 0 0 0 0 0 0 0 0 0 0 0 0 0 0 0 0 0 0 0
         0 0 0 0 0 0 0 0 0 0 0 0 0 0 0 0 0 0 0 0 0 0 0 0 0 0 0 0 0 0 0 0 0
         0 0 0 0 0 0 0 0 0 0 0 0 0 0 0 0 0 0 0 0 0 0 0 0 0 0 0 0 0 0 0 0 0
         0 0 0 0 0 0 0 0 0 0 0 0 0 0 0 0 0 0 0 0 0 0 0 0 0 0 0 0 0 0 0 0 0
         0 0 0 0 0 0 0 0 0 0 0 0 0 0 0 0 0 0 0 0 0]
         [0 0 0 0 0 0 0 0 0 0 0 0 0 0 0 0 0 0 0 0 0 0 0 0 0 0 0 0 0 0 0 0 0
         0 0 0 0 0 0 0 0 0 0 0 0 0 0 0 0 0 0 0 0 0 0 0 0 0 0 0 0 0 0 0 0 0
         0 0 0 0 0 0 0 0 0 0 0 0 0 0 0 0 0 0 0 0 0 0 0 0 0 0 0 0 0 0 0 0 0
         0 0 0 0 0 0 0 0 0 0 0 0 0 0 0 0 0 0 0 0 0 0 0 0 0 0 0 0 0 0 0 0 0
         0 0 0 0 0 0 0 0 0 0 0 0 0 0 0 0 0 0 0 0 0 0 0 0 0 0 0 0 0 0 0 0 0
         0 0 0 0 0 0 0 0 0 0 0 0 0 0 0 0 0 0 0 0 0 0 0 0 0 0 0 0 0 0 0 0 0
         0 0 0 0 0 0 0 0 0 0 0 0 0 0 0 0 0 0 0 0 0 0 0 0 0 0 0 0 0 0 0 0 0
         0 0 0 0 0 0 0 0 0 0 0 0 0 0 0 0 0 0 0 0 0]
         [0 0 0 0 0 0 0 0 0 0 0 0 0 0 0 0 0 0 0 0 0 0 0 0 0 0 0 0 0 0 0 0 0
         0 0 0 0 0 0 0 0 0 0 0 0 0 0 0 0 0 0 0 0 0 0 0 0 0 0 0 0 0 0 0 0 0
         0 0 0 0 0 0 0 0 0 0 0 0 0 0 0 0 0 0 0 0 0 0 0 0 0 0 0 0 0 0 0 0 0
         0 0 0 0 0 0 0 0 0 0 0 0 0 0 0 0 0 0 0 0 0 0 0 0 0 0 0 0 0 0 0 0 0
         0 0 0 0 0 0 0 0 0 0 0 0 0 0 0 0 0 0 0 0 0 0 0 0 0 0 0 0 0 0 0 0 0
         0 0 0 0 0 0 0 0 0 0 0 0 0 0 0 0 0 0 0 0 0 0 0 0 0 0 0 0 0 0 0 0 0
         0 0 0 0 0 0 0 0 0 0 0 0 0 0 0 0 0 0 0 0 0 0 0 0 0 0 0 0 0 0 0 0 0
         0 0 0 0 0 0 0 0 0 0 0 0 0 0 0 0 0 0 0 0 0]
         [0 0 0 0 0 0 0 0 0 0 0 0 0 0 0 0 0 0 0 0 0 0 0 0 0 0 0 0 0 0 0 0 0
         0 0 0 0 0 0 0 0 0 0 0 0 0 0 0 0 0 0 0 0 0 0 0 0 0 0 0 0 0 0 0 0 0
         0 0 0 0 0 0 0 0 0 0 0 0 0 0 0 0 0 0 0 0 0 0 0 0 0 0 0 0 0 0 0 0 0
         0 0 0 0 0 0 0 0 0 0 0 0 0 0 0 0 0 0 0 0 0 0 0 0 0 0 0 0 0 0 0 0 0
         0 0 0 0 0 0 0 0 0 0 0 0 0 0 0 0 0 0 0 0 0 0 0 0 0 0 0 0 0 0 0 0 0
         0 0 0 0 0 0 0 0 0 0 0 0 0 0 0 0 0 0 0 0 0 0 0 0 0 0 0 0 0 0 0 0 0
         0 0 0 0 0 0 0 0 0 0 0 0 0 0 0 0 0 0 0 0 0 0 0 0 0 0 0 0 0 0 0 0 0
         0 0 0 0 0 0 0 0 0 0 0 0 0 0 0 0 0 0 0 0 0]
         [0 0 0 0 0 0 0 0 0 0 0 0 0 0 0 0 0 0 0 0 0 0 0 0 0 0 0 0 0 0 0 0 0
         0 0 0 0 0 0 0 0 0 0 0 0 0 0 0 0 0 0 0 0 0 0 0 0 0 0 0 0 0 0 0 0 0
         0 0 0 0 0 0 0 0 0 0 0 0 0 0 0 0 0 0 0 0 0 0 0 0 0 0 0 0 0 0 0 0 0
         0 0 0 0 0 0 0 0 0 0 0 0 0 0 0 0 0 0 0 0 0 0 0 0 0 0 0 0 0 0 0 0 0
         0 0 0 0 0 0 0 0 0 0 0 0 0 0 0 0 0 0 0 0 0 0 0 0 0 0 0 0 0 0 0 0 0
         0 0 0 0 0 0 0 0 0 0 0 0 0 0 0 0 0 0 0 0 0 0 0 0 0 0 0 0 0 0 0 0 0
         0 0 0 0 0 0 0 0 0 0 0 0 0 0 0 0 0 0 0 0 0 0 0 0 0 0 0 0 0 0 0 0 0
         0 0 0 0 0 0 0 0 0 0 0 0 0 0 0 0 0 0 0 0 0]]
 [[[0 0 0 0 0 0 0 0 0 0 0 0 0 0 0 0 0 0 0 0]
             [0 1 0 0 0 0 0 0 0 0 0 0 0 0 0 0 0 0 0 0]
             [0 0 0 0 0 0 0 0 0 0 0 0 0 0 0 0 0 0 0 0]]
         [[0 0 0 0 0 0 0 0 0 0 0 0 0 0 0 0 0 0 0 0]
             [0 0 0 0 0 0 0 0 0 0 0 0 0 0 0 0 1 0 0 0]
             [0 0 0 0 0 0 0 0 0 0 0 0 0 0 0 0 0 0 0 0]]
         [[0 0 0 0 0 0 0 0 0 0 0 0 0 0 0 0 0 0 0 0]
             [0 0 0 0 0 0 0 0 0 0 0 0 0 0 0 0 0 0 0 0]
             [0 1 0 0 0 0 0 0 0 0 0 0 0 0 0 0 0 0 0 0]]
         [[0 0 0 0 0 0 0 0 0 0 0 0 0 0 0 0 0 0 0 0]
             [1 0 0 0 0 0 0 0 0 0 0 0 0 0 0 0 0 0 0 0]
             [0 0 0 0 0 0 0 0 0 0 0 0 0 0 0 0 0 0 0 0]]
         [[0 0 0 0 0 0 0 0 0 0 0 0 0 0 0 0 0 0 0 0]
             [0 0 0 0 0 0 0 0 0 0 0 0 0 0 0 0 0 0 0 0]
             [0 0 0 0 0 0 0 0 0 0 1 0 0 0 0 0 0 0 0 0]]
         [[0 0 0 0 0 0 0 0 0 0 0 0 0 0 0 0 0 0 0 0]
             [0 0 0 0 0 0 0 0 0 0 0 0 0 0 0 0 0 0 0 0]
             [0 0 0 0 0 0 0 0 0 0 1 0 0 0 0 0 0 0 0 0]]
         [[0 0 0 0 0 0 0 0 0 1 0 0 0 0 0 0 0 0 0 0]
             [0 0 0 0 0 0 0 0 0 0 0 0 0 0 0 0 0 0 0 0]
             [0 0 0 0 0 0 0 0 0 0 0 0 0 0 0 0 0 0 0 0]]
         [[0 0 0 0 0 0 0 0 0 0 0 0 0 0 0 0 0 0 0 0]
             [0 1 0 0 0 0 0 0 0 0 0 0 0 0 0 0 0 0 0 0]
             [0 0 0 0 0 0 0 0 0 0 0 0 0 0 0 0 0 0 0 0]]
         [[0 0 1 0 0 0 0 0 0 0 0 0 0 0 0 0 0 0 0 0]
             [0 0 0 0 0 0 0 0 0 0 0 0 0 0 0 0 0 0 0 0]
             [0 0 0 0 0 0 0 0 0 0 0 0 0 0 0 0 0 0 0 0]]
         [[1 0 0 0 0 0 0 0 0 0 0 0 0 0 0 0 0 0 0 0]
             [0 0 0 0 0 0 0 0 0 0 0 0 0 0 0 0 0 0 0 0]
             [0 0 0 0 0 0 0 0 0 0 0 0 0 0 0 0 0 0 0 0]]
         [[0 0 0 0 0 0 0 0 0 0 0 0 0 0 0 0 1 0 0 0]
             [0 0 0 0 0 0 0 0 0 0 0 0 0 0 0 0 0 0 0 0]
             [0 0 0 0 0 0 0 0 0 0 0 0 0 0 0 0 0 0 0 0]]
         [[0 0 0 0 0 0 0 0 0 0 0 0 0 0 0 1 0 0 0 0]
             [0 0 0 0 0 0 0 0 0 0 0 0 0 0 0 0 0 0 0 0]
             [0 0 0 0 0 0 0 0 0 0 0 0 0 0 0 0 0 0 0 0]]
         [[0 0 0 0 0 0 0 0 0 0 1 0 0 0 0 0 0 0 0 0]
             [0 0 0 0 0 0 0 0 0 0 0 0 0 0 0 0 0 0 0 0]
             [0 0 0 0 0 0 0 0 0 0 0 0 0 0 0 0 0 0 0 0]]
         [[0 0 0 0 0 0 0 0 0 0 0 1 0 0 0 0 0 0 0 0]
             [0 0 0 0 0 0 0 0 0 0 0 0 0 0 0 0 0 0 0 0]
             [0 0 0 0 0 0 0 0 0 0 0 0 0 0 0 0 0 0 0 0]]
         [[0 0 0 0 0 0 0 0 0 0 0 0 0 0 0 0 0 0 0 0]
             [0 0 0 0 0 0 0 0 0 0 0 0 0 0 0 0 0 0 0 0]
             [0 0 0 0 0 0 0 0 0 0 0 1 0 0 0 0 0 0 0 0]]
         [[0 0 0 0 0 0 0 0 0 0 0 0 0 0 0 1 0 0 0 0]
             [0 0 0 0 0 0 0 0 0 0 0 0 0 0 0 0 0 0 0 0]
             [0 0 0 0 0 0 0 0 0 0 0 0 0 0 0 0 0 0 0 0]]
         [[0 0 0 0 0 0 0 0 0 0 0 0 0 0 0 0 0 0 0 0]
             [0 0 0 0 0 0 0 0 0 0 0 0 0 0 0 0 0 0 0 0]
             [0 0 0 0 0 0 0 1 0 0 0 0 0 0 0 0 0 0 0 0]]
         [[0 0 0 0 0 0 1 0 0 0 0 0 0 0 0 0 0 0 0 0]
             [0 0 0 0 0 0 0 0 0 0 0 0 0 0 0 0 0 0 0 0]
             [0 0 0 0 0 0 0 0 0 0 0 0 0 0 0 0 0 0 0 0]]
         [[0 0 0 0 0 1 0 0 0 0 0 0 0 0 0 0 0 0 0 0]
             [0 0 0 0 0 0 0 0 0 0 0 0 0 0 0 0 0 0 0 0]
             [0 0 0 0 0 0 0 0 0 0 0 0 0 0 0 0 0 0 0 0]]
         [[0 0 0 0 0 0 0 0 0 0 0 0 0 0 0 0 0 0 0 0]
             [0 0 0 0 0 0 0 0 0 0 0 0 0 0 0 0 0 0 0 0]
             [0 0 0 0 1 0 0 0 0 0 0 0 0 0 0 0 0 0 0 0]]
         [[1 0 0 0 0 0 0 0 0 0 0 0 0 0 0 0 0 0 0 0]
             [0 0 0 0 0 0 0 0 0 0 0 0 0 0 0 0 0 0 0 0]
             [0 0 0 0 0 0 0 0 0 0 0 0 0 0 0 0 0 0 0 0]]
         [[0 0 0 0 0 0 0 0 0 0 0 0 0 0 0 0 0 0 0 0]
             [0 0 0 0 0 0 0 0 0 0 0 0 0 0 0 0 0 0 0 0]
             [1 0 0 0 0 0 0 0 0 0 0 0 0 0 0 0 0 0 0 0]]
         [[0 0 0 0 0 0 0 0 0 0 0 0 0 0 0 0 0 0 0 0]
             [0 0 0 0 0 0 0 0 0 0 0 0 0 0 0 0 1 0 0 0]
             [0 0 0 0 0 0 0 0 0 0 0 0 0 0 0 0 0 0 0 0]]
         [[0 0 0 0 0 0 0 0 0 0 0 0 0 0 0 0 0 0 0 0]
             [0 0 0 0 0 0 1 0 0 0 0 0 0 0 0 0 0 0 0 0]
             [0 0 0 0 0 0 0 0 0 0 0 0 0 0 0 0 0 0 0 0]]
         [[0 0 0 0 0 0 0 0 0 0 0 0 0 0 0 0 0 0 0 0]
             [0 0 0 0 0 0 0 0 0 0 0 0 0 0 0 0 0 0 0 0]
             [1 0 0 0 0 0 0 0 0 0 0 0 0 0 0 0 0 0 0 0]]
         [[0 0 0 0 0 0 0 0 0 0 0 0 0 0 0 0 0 0 0 0]
             [0 0 0 0 0 0 0 0 0 0 0 0 0 0 0 0 0 0 0 0]
             [0 1 0 0 0 0 0 0 0 0 0 0 0 0 0 0 0 0 0 0]]
         [[1 0 0 0 0 0 0 0 0 0 0 0 0 0 0 0 0 0 0 0]
             [0 0 0 0 0 0 0 0 0 0 0 0 0 0 0 0 0 0 0 0]
             [0 0 0 0 0 0 0 0 0 0 0 0 0 0 0 0 0 0 0 0]]
         [[0 0 0 0 0 0 0 0 0 0 0 0 0 0 0 0 0 0 0 0]
             [0 0 0 0 0 0 0 0 0 0 0 0 0 1 0 0 0 0 0 0]
             [0 0 0 0 0 0 0 0 0 0 0 0 0 0 0 0 0 0 0 0]]]
 [[0 1 1 1 1 0 1 1 1 1 1 0 0 1 0 0 1 1 0 0 0 1 1 1 1 0 1 0]
         [0 0 0 0 0 0 0 0 0 0 0 0 0 0 0 0 0 0 0 0 0 0 0 0 0 0 0 0]
         [0 0 0 0 0 0 0 0 0 0 0 0 0 0 0 0 0 0 0 0 0 1 0 0 0 0 0 0]
         [0 0 0 0 0 0 0 0 0 0 0 0 0 0 0 0 0 0 0 0 0 0 0 0 0 0 0 0]
         [0 1 0 0 0 0 0 0 1 1 0 0 0 0 1 0 0 1 0 0 0 1 0 0 0 0 0 0]
         [0 1 1 1 1 0 1 0 1 1 0 1 0 0 1 0 0 1 0 0 0 1 1 1 1 0 1 0]
         [0 0 0 0 0 0 0 0 1 1 0 0 0 0 1 0 0 1 0 0 0 0 0 0 0 0 0 0]
         [0 1 1 1 1 0 1 0 1 1 0 1 0 0 1 0 0 1 0 0 0 1 1 1 1 0 1 0]
         [0 0 0 0 0 0 0 0 0 0 0 0 0 0 0 0 0 0 0 0 0 0 0 0 0 0 0 0]
         [0 1 0 0 0 0 0 0 1 0 0 0 0 0 0 0 0 0 0 0 0 1 0 0 0 0 0 0]
         [0 1 1 1 1 0 1 0 1 0 0 1 0 1 1 0 0 1 0 0 0 1 1 1 1 0 1 0]
         [0 0 0 0 0 0 0 0 0 0 0 0 0 0 0 0 0 0 0 0 0 0 0 0 0 0 0 0]
         [0 1 1 1 0 0 1 0 1 1 1 1 0 1 1 0 0 1 0 0 0 1 1 1 1 0 1 0]
         [0 1 1 1 0 0 1 0 1 1 0 1 0 0 1 0 0 1 0 0 0 1 1 1 0 0 1 0]
         [0 0 0 0 0 0 0 0 0 0 0 0 0 0 0 0 0 0 0 0 0 0 0 0 0 0 0 0]
         [0 1 1 1 1 0 1 1 1 1 1 1 1 1 1 0 0 1 0 0 0 1 1 1 1 0 1 1]
         [0 1 1 0 0 0 1 0 1 1 0 1 0 0 1 0 0 1 0 0 0 1 0 0 1 0 0 0]
         [0 1 0 0 0 0 0 0 1 0 0 0 0 0 0 0 0 0 0 0 0 1 0 0 0 0 0 0]
         [0 1 1 1 1 0 1 0 1 1 1 1 0 1 1 0 1 1 0 0 0 1 1 1 1 0 1 0]
         [0 1 1 1 1 1 1 1 1 1 1 1 1 1 1 0 1 1 0 0 0 1 1 1 1 1 1 1]
         [0 0 1 1 1 1 1 1 1 1 1 1 1 0 1 0 1 1 1 0 0 1 0 1 1 1 1 0]
         [0 0 0 0 0 0 0 0 0 0 0 0 0 0 0 0 0 0 0 0 0 0 0 0 0 0 0 0]
         [0 1 0 0 0 0 0 0 1 0 0 0 0 0 0 0 0 0 0 0 0 1 0 0 0 0 0 0]
         [0 0 0 0 0 0 0 0 0 0 0 0 0 0 0 0 0 0 0 0 0 0 0 0 0 0 0 0]
         [0 1 1 0 0 0 0 0 1 1 0 0 0 0 1 0 0 1 0 0 0 1 1 0 0 0 0 0]
         [0 1 1 1 0 0 1 0 1 1 1 1 0 0 1 0 1 1 0 0 0 1 1 1 1 0 1 0]
         [0 1 0 0 0 0 0 0 1 1 0 0 0 0 1 0 0 1 0 0 0 1 0 0 0 0 0 0]
         [0 1 1 1 1 0 1 0 1 1 0 1 0 0 1 0 0 1 0 0 0 1 1 1 0 0 1 0]]
 [[[0 0 0 0 0 0 0 0 0 0 0 0 0 0 0 0 0 0 0 0]
             [0 1 0 0 0 0 0 0 0 0 0 0 0 0 0 0 0 0 0 0]
             [0 0 0 0 0 0 0 0 0 0 0 0 0 0 0 0 0 0 0 0]]
         [[0 0 0 0 0 0 0 0 0 0 0 0 0 0 0 0 0 0 0 0]
             [0 0 0 0 0 0 0 0 0 0 0 0 0 0 0 0 0 0 0 0]
             [0 0 0 0 0 0 0 0 0 0 0 0 0 0 0 0 1 0 0 0]]
         [[0 0 0 0 0 0 0 0 0 0 0 0 0 0 0 0 0 0 0 0]
             [0 0 0 0 0 0 0 0 0 0 0 0 0 0 0 0 0 0 0 0]
             [0 1 0 0 0 0 0 0 0 0 0 0 0 0 0 0 0 0 0 0]]
         [[1 0 0 0 0 0 0 0 0 0 0 0 0 0 0 0 0 0 0 0]
             [0 0 0 0 0 0 0 0 0 0 0 0 0 0 0 0 0 0 0 0]
             [0 0 0 0 0 0 0 0 0 0 0 0 0 0 0 0 0 0 0 0]]
         [[0 0 0 0 0 0 0 0 0 0 0 0 0 0 0 0 0 0 0 0]
             [0 0 0 0 0 0 0 0 0 0 0 0 0 0 0 0 0 0 0 0]
             [0 0 0 0 0 0 0 0 0 0 1 0 0 0 0 0 0 0 0 0]]
         [[0 0 0 0 0 0 0 0 0 0 0 0 0 0 0 0 0 0 0 0]
             [0 0 0 0 0 0 0 0 0 0 0 0 0 0 0 0 0 0 0 0]
             [0 0 0 0 0 0 0 0 0 0 1 0 0 0 0 0 0 0 0 0]]
         [[0 0 0 0 0 0 0 0 0 0 0 0 0 0 0 0 0 0 0 0]
             [0 0 0 0 0 0 0 0 0 1 0 0 0 0 0 0 0 0 0 0]
             [0 0 0 0 0 0 0 0 0 0 0 0 0 0 0 0 0 0 0 0]]
         [[0 0 0 0 0 0 0 0 0 0 0 0 0 0 0 0 0 0 0 0]
             [0 1 0 0 0 0 0 0 0 0 0 0 0 0 0 0 0 0 0 0]
             [0 0 0 0 0 0 0 0 0 0 0 0 0 0 0 0 0 0 0 0]]
         [[0 0 1 0 0 0 0 0 0 0 0 0 0 0 0 0 0 0 0 0]
             [0 0 0 0 0 0 0 0 0 0 0 0 0 0 0 0 0 0 0 0]
             [0 0 0 0 0 0 0 0 0 0 0 0 0 0 0 0 0 0 0 0]]
         [[0 0 0 0 0 0 0 0 0 0 0 0 0 0 0 0 0 0 0 0]
             [1 0 0 0 0 0 0 0 0 0 0 0 0 0 0 0 0 0 0 0]
             [0 0 0 0 0 0 0 0 0 0 0 0 0 0 0 0 0 0 0 0]]
         [[0 0 0 0 0 0 0 0 0 0 0 0 0 0 0 0 1 0 0 0]
             [0 0 0 0 0 0 0 0 0 0 0 0 0 0 0 0 0 0 0 0]
             [0 0 0 0 0 0 0 0 0 0 0 0 0 0 0 0 0 0 0 0]]
         [[0 0 0 0 0 0 0 0 0 0 0 0 0 0 0 1 0 0 0 0]
             [0 0 0 0 0 0 0 0 0 0 0 0 0 0 0 0 0 0 0 0]
             [0 0 0 0 0 0 0 0 0 0 0 0 0 0 0 0 0 0 0 0]]
         [[0 0 0 0 0 0 0 0 0 0 1 0 0 0 0 0 0 0 0 0]
             [0 0 0 0 0 0 0 0 0 0 0 0 0 0 0 0 0 0 0 0]
             [0 0 0 0 0 0 0 0 0 0 0 0 0 0 0 0 0 0 0 0]]
         [[0 0 0 0 0 0 0 0 0 0 0 1 0 0 0 0 0 0 0 0]
             [0 0 0 0 0 0 0 0 0 0 0 0 0 0 0 0 0 0 0 0]
             [0 0 0 0 0 0 0 0 0 0 0 0 0 0 0 0 0 0 0 0]]
         [[0 0 0 0 0 0 0 0 0 0 0 0 0 0 0 0 0 0 0 0]
             [0 0 0 0 0 0 0 0 0 0 0 0 0 0 0 0 0 0 0 0]
             [0 0 0 0 0 0 0 0 0 0 0 1 0 0 0 0 0 0 0 0]]
         [[0 0 0 0 0 0 0 0 0 0 0 0 0 0 0 1 0 0 0 0]
             [0 0 0 0 0 0 0 0 0 0 0 0 0 0 0 0 0 0 0 0]
             [0 0 0 0 0 0 0 0 0 0 0 0 0 0 0 0 0 0 0 0]]
         [[0 0 0 0 0 0 0 0 0 0 0 0 0 0 0 0 0 0 0 0]
             [0 0 0 0 0 0 0 0 0 0 0 0 0 0 0 0 0 0 0 0]
             [0 0 0 0 0 0 0 1 0 0 0 0 0 0 0 0 0 0 0 0]]
         [[0 0 0 0 0 0 1 0 0 0 0 0 0 0 0 0 0 0 0 0]
             [0 0 0 0 0 0 0 0 0 0 0 0 0 0 0 0 0 0 0 0]
             [0 0 0 0 0 0 0 0 0 0 0 0 0 0 0 0 0 0 0 0]]
         [[0 0 0 0 0 1 0 0 0 0 0 0 0 0 0 0 0 0 0 0]
             [0 0 0 0 0 0 0 0 0 0 0 0 0 0 0 0 0 0 0 0]
             [0 0 0 0 0 0 0 0 0 0 0 0 0 0 0 0 0 0 0 0]]
         [[0 0 0 0 0 0 0 0 0 0 0 0 0 0 0 0 0 0 0 0]
             [0 0 0 0 0 0 0 0 0 0 0 0 0 0 0 0 0 0 0 0]
             [0 0 0 0 1 0 0 0 0 0 0 0 0 0 0 0 0 0 0 0]]
         [[0 0 0 0 0 0 0 0 0 0 0 0 0 0 0 0 0 0 0 0]
             [1 0 0 0 0 0 0 0 0 0 0 0 0 0 0 0 0 0 0 0]
             [0 0 0 0 0 0 0 0 0 0 0 0 0 0 0 0 0 0 0 0]]
         [[0 0 0 0 0 0 0 0 0 0 0 0 0 0 0 0 0 0 0 0]
             [0 0 0 0 0 0 0 0 0 0 0 0 0 0 0 0 0 0 0 0]
             [1 0 0 0 0 0 0 0 0 0 0 0 0 0 0 0 0 0 0 0]]
         [[0 0 0 0 0 0 0 0 0 0 0 0 0 0 0 0 0 0 0 0]
             [0 0 0 0 0 0 0 0 0 0 0 0 0 0 0 0 0 0 0 0]
             [0 0 0 0 0 0 0 0 0 0 0 0 0 0 0 0 1 0 0 0]]
         [[0 0 0 0 0 0 1 0 0 0 0 0 0 0 0 0 0 0 0 0]
             [0 0 0 0 0 0 0 0 0 0 0 0 0 0 0 0 0 0 0 0]
             [0 0 0 0 0 0 0 0 0 0 0 0 0 0 0 0 0 0 0 0]]
         [[0 0 0 0 0 0 0 0 0 0 0 0 0 0 0 0 0 0 0 0]
             [0 0 0 0 0 0 0 0 0 0 0 0 0 0 0 0 0 0 0 0]
             [1 0 0 0 0 0 0 0 0 0 0 0 0 0 0 0 0 0 0 0]]
         [[0 0 0 0 0 0 0 0 0 0 0 0 0 0 0 0 0 0 0 0]
             [0 0 0 0 0 0 0 0 0 0 0 0 0 0 0 0 0 0 0 0]
             [0 1 0 0 0 0 0 0 0 0 0 0 0 0 0 0 0 0 0 0]]
         [[0 0 0 0 0 0 0 0 0 0 0 0 0 0 0 0 0 0 0 0]
             [1 0 0 0 0 0 0 0 0 0 0 0 0 0 0 0 0 0 0 0]
             [0 0 0 0 0 0 0 0 0 0 0 0 0 0 0 0 0 0 0 0]]
         [[0 0 0 0 0 0 0 0 0 0 0 0 0 0 0 0 0 0 0 0]
             [0 0 0 0 0 0 0 0 0 0 0 0 0 1 0 0 0 0 0 0]
             [0 0 0 0 0 0 0 0 0 0 0 0 0 0 0 0 0 0 0 0]]]
 [[0 1 1 1 0 1 1 1 1 1 1 1 1 1 1 0 1 1 0 0 0 1 1 1 1 0 1 0]
         [0 0 0 0 0 0 0 0 0 0 0 0 0 0 0 0 0 0 0 0 0 0 0 0 0 0 0 0]
         [0 0 0 0 0 0 0 0 0 0 0 0 0 0 0 0 0 0 0 0 0 0 0 0 0 0 0 0]
         [0 0 0 0 0 0 0 0 0 0 0 0 0 0 0 0 0 0 0 0 0 0 0 0 0 0 0 0]
         [0 0 1 0 0 0 0 0 1 1 0 0 0 0 0 0 0 1 0 0 0 1 1 0 0 0 0 0]
         [0 1 1 1 1 0 1 0 1 1 0 1 0 0 0 0 0 1 0 0 0 1 1 1 0 0 1 0]
         [0 0 0 1 0 0 0 0 1 1 0 1 0 0 0 0 0 1 0 0 0 0 0 1 0 0 0 0]
         [0 1 1 1 1 0 1 0 1 1 0 1 0 0 1 0 0 1 0 0 0 1 1 1 1 0 1 0]
         [0 0 0 0 0 0 0 0 0 0 0 0 0 0 0 0 0 0 0 0 0 0 0 0 0 0 0 0]
         [0 1 0 1 0 0 0 0 1 0 0 0 0 0 0 0 0 0 0 0 0 1 0 0 0 0 0 0]
         [0 1 0 1 1 0 1 0 1 1 0 1 0 1 1 0 0 1 0 0 0 0 1 1 1 0 1 0]
         [0 0 0 0 0 0 0 0 0 0 0 0 0 0 0 0 0 0 0 0 0 0 0 0 0 0 0 0]
         [0 1 0 1 1 0 1 0 1 1 0 1 0 0 1 0 0 0 0 0 0 1 0 0 0 0 0 1]
         [0 1 1 1 0 0 1 0 1 1 0 1 0 0 1 0 0 1 0 0 0 1 1 1 0 0 1 0]
         [0 0 0 0 0 0 0 0 0 0 0 0 0 0 0 0 0 0 0 0 0 0 0 0 0 0 0 0]
         [0 1 1 1 1 0 1 1 1 1 1 1 0 1 1 0 1 1 0 0 0 1 1 1 1 0 1 0]
         [0 1 1 0 1 0 1 0 1 1 0 1 0 0 1 0 0 1 0 0 0 1 1 0 0 0 0 0]
         [0 0 0 0 0 0 0 0 0 0 0 0 0 0 0 0 0 0 0 0 0 1 0 0 0 0 0 0]
         [0 1 1 1 1 0 1 0 1 1 1 1 0 1 1 0 1 1 0 0 0 1 1 1 1 0 1 1]
         [0 1 1 1 1 1 1 1 1 1 1 1 1 1 1 0 1 1 0 0 0 1 1 1 1 1 1 1]
         [1 1 1 1 1 1 1 1 1 1 1 1 1 1 1 0 1 1 1 0 0 1 1 1 1 1 1 1]
         [0 0 0 0 0 0 0 0 0 0 0 0 0 0 0 0 0 0 0 0 0 0 0 0 0 0 0 0]
         [0 1 0 0 0 0 0 0 0 0 0 0 0 0 0 0 0 0 0 0 0 1 0 0 0 0 0 0]
         [0 0 0 0 0 0 0 0 0 0 0 0 0 0 0 0 0 0 0 0 0 0 0 0 0 0 0 0]
         [0 1 1 0 0 0 0 0 1 1 0 1 0 0 1 0 0 1 0 0 0 1 1 0 0 0 0 0]
         [0 0 1 1 1 0 1 0 1 1 1 1 0 0 1 0 0 1 0 0 0 0 1 1 1 0 1 0]
         [0 0 0 1 0 0 0 0 1 0 0 0 0 0 0 0 0 0 0 0 0 0 0 1 0 0 0 0]
         [0 1 1 1 1 0 1 0 1 1 0 1 0 0 0 0 0 1 0 0 0 0 1 1 1 0 0 0]]
