3621
3621
0
31.09
1
 [38 51 79 76 101 79 63 42 38 63]
 [1 11 58 55 85 69 55 23 23 47]
 [[[0 0 0 0 1 0 1 0 0 0]
             [0 0 0 0 0 0 0 0 0 0]
             [0 0 0 0 0 0 0 0 0 0]
             [0 0 0 0 0 0 0 0 0 0]
             [0 0 0 0 0 0 0 0 0 0]
             [0 0 0 0 0 0 0 0 0 0]
             [0 0 0 0 1 0 0 0 0 0]
             [0 0 0 0 0 0 0 0 0 0]
             [0 0 0 0 0 0 0 0 0 0]
             [0 0 0 0 0 0 0 0 0 0]]
         [[0 0 0 0 0 0 0 0 0 0]
             [0 0 0 0 0 0 0 0 0 0]
             [0 0 0 0 0 0 0 0 0 0]
             [0 0 0 0 0 0 0 0 0 0]
             [0 0 0 0 0 0 0 0 0 0]
             [0 0 0 0 0 0 0 0 0 0]
             [0 0 0 0 0 0 0 0 0 0]
             [0 0 0 0 0 0 0 0 0 0]
             [0 0 0 1 0 0 0 0 0 0]
             [0 0 0 0 0 0 0 0 0 0]]
         [[0 0 0 0 0 0 0 0 0 0]
             [0 0 1 0 0 0 0 0 0 0]
             [0 0 0 0 0 0 0 0 0 0]
             [0 0 0 0 0 0 0 0 0 0]
             [0 0 0 0 0 0 0 0 0 0]
             [0 0 0 0 0 0 0 0 0 0]
             [0 0 0 0 0 0 0 0 0 0]
             [0 0 0 0 0 0 0 0 0 0]
             [0 0 0 0 0 0 0 0 0 0]
             [0 0 0 0 0 0 0 0 0 0]]
         [[0 0 0 0 0 0 0 0 0 0]
             [0 0 0 0 0 0 0 0 0 0]
             [0 0 0 0 0 0 0 0 0 0]
             [0 0 0 0 0 0 0 0 0 0]
             [0 0 0 0 0 0 0 0 0 0]
             [0 0 0 0 0 0 0 0 0 0]
             [0 0 0 0 0 0 0 0 0 0]
             [0 0 0 0 0 1 0 0 0 1]
             [0 0 0 0 0 0 0 0 0 0]
             [0 0 0 0 0 1 0 0 0 0]]]
 [[1 0 0 0 1 0 1 0 0 0]
         [0 0 0 1 0 0 0 0 1 0]
         [0 1 1 0 0 0 0 0 0 0]
         [0 0 0 0 0 1 0 1 0 1]]
 [[0 0 0 1 0 0 0 0 0 0 0 0 0 0]
         [0 0 0 0 1 0 0 0 0 0 0 0 0 0]
         [0 0 0 0 0 0 1 0 0 0 0 0 0 0]
         [0 0 0 0 0 0 1 0 0 0 0 0 0 0]
         [0 0 0 0 0 0 0 0 1 0 0 0 0 0]
         [0 0 0 0 0 0 1 0 0 0 0 0 0 0]
         [0 0 0 0 0 1 0 0 0 0 0 0 0 0]
         [0 0 0 1 0 0 0 0 0 0 0 0 0 0]
         [0 0 0 1 0 0 0 0 0 0 0 0 0 0]
         [0 0 0 0 0 1 0 0 0 0 0 0 0 0]]
 [[1 0 0 0]
         [0 0 0 1]
         [0 0 0 1]
         [0 1 0 0]
         [0 1 0 0]
         [0 0 1 0]
         [1 0 0 0]
         [0 0 1 0]
         [0 1 0 0]
         [0 0 1 0]]
 [[[0 0 0 0 0 0 1 0 0 0 1 0 0 0]
             [0 0 0 0 0 0 0 0 0 0 0 0 0 0]
             [0 0 0 0 0 0 0 0 0 0 0 0 0 0]
             [0 0 0 0 0 0 0 0 0 0 0 0 0 0]
             [0 0 0 0 0 0 0 0 0 0 0 0 0 0]
             [0 0 0 0 0 0 0 0 0 0 0 0 0 0]
             [0 0 0 0 0 0 0 0 0 0 0 0 0 0]
             [0 0 0 0 0 0 0 0 0 0 0 0 0 0]
             [0 0 0 0 0 0 0 0 0 0 0 0 0 0]
             [0 0 0 0 0 0 0 0 0 0 0 0 0 0]
             [0 0 0 0 0 0 1 0 0 0 0 0 0 0]
             [0 0 0 0 0 0 0 0 0 0 0 0 0 0]
             [0 0 0 0 0 0 0 0 0 0 0 0 0 0]
             [0 0 0 0 0 0 0 0 0 0 0 0 0 0]]
         [[0 0 0 0 0 0 0 0 0 0 0 0 0 0]
             [0 0 0 0 0 0 0 0 0 0 0 0 0 0]
             [0 0 0 0 0 0 0 0 0 0 0 0 0 0]
             [0 0 0 0 1 0 0 0 0 0 0 0 0 0]
             [0 0 0 0 0 0 0 0 0 0 0 0 0 0]
             [0 0 0 0 0 0 0 0 0 0 0 0 0 0]
             [0 0 0 0 0 0 0 0 0 0 0 0 0 0]
             [0 0 0 0 0 0 0 0 0 0 0 0 0 0]
             [0 0 0 1 1 0 0 0 0 0 0 0 0 1]
             [0 0 0 0 0 0 0 0 0 0 0 0 0 0]
             [0 0 0 0 0 0 0 0 0 0 0 0 0 0]
             [0 0 0 0 0 0 0 0 0 0 0 0 0 0]
             [0 0 0 0 0 0 0 0 0 0 0 0 0 0]
             [0 0 0 1 1 0 0 0 0 0 0 0 0 0]]
         [[0 0 0 0 0 0 0 0 0 0 0 0 0 0]
             [0 0 0 0 0 0 0 0 0 0 0 0 0 0]
             [0 0 0 0 0 0 0 0 0 0 0 0 0 0]
             [0 0 0 0 0 0 0 0 0 0 0 0 0 0]
             [0 0 0 0 0 0 0 0 0 0 0 0 0 0]
             [0 0 0 0 0 0 0 0 0 0 0 0 0 0]
             [0 0 0 0 0 0 0 0 0 0 0 0 0 0]
             [0 0 0 0 0 1 0 0 0 1 0 0 0 0]
             [0 0 0 0 0 0 0 0 0 0 0 0 0 0]
             [0 0 0 0 0 1 0 0 0 0 0 0 0 0]
             [0 0 0 0 0 0 0 0 0 0 0 0 0 0]
             [0 0 0 0 0 0 0 0 0 0 0 0 0 0]
             [0 0 0 0 0 0 0 0 0 0 0 0 0 0]
             [0 0 0 0 0 0 0 0 0 0 0 0 0 0]]
         [[0 0 0 0 0 0 0 0 0 0 0 0 0 0]
             [0 0 1 0 0 0 0 0 0 0 0 1 1 0]
             [0 0 0 0 0 0 0 0 0 0 0 0 0 0]
             [0 0 0 0 0 0 0 0 0 0 0 0 0 0]
             [0 0 0 0 0 0 0 0 0 0 0 0 0 0]
             [0 0 0 0 0 0 0 0 0 0 0 0 0 0]
             [0 0 0 0 0 0 0 0 0 0 0 0 0 0]
             [0 0 0 0 0 0 0 0 0 0 0 0 0 0]
             [0 0 0 0 0 0 0 0 0 0 0 0 0 0]
             [0 0 0 0 0 0 0 0 0 0 0 0 0 0]
             [0 0 0 0 0 0 0 0 0 0 0 0 0 0]
             [0 0 1 0 0 0 0 0 0 0 0 0 1 0]
             [0 0 1 0 0 0 0 0 0 0 0 0 0 0]
             [0 0 0 0 0 0 0 0 0 0 0 0 0 0]]]
 [[[1 0 0 0]
             [0 0 0 0]
             [0 0 0 0]
             [0 0 0 0]]
         [[0 0 0 0]
             [0 0 0 0]
             [0 0 0 0]
             [0 0 1 0]]
         [[0 0 0 0]
             [0 0 0 0]
             [0 0 0 0]
             [0 0 1 0]]
         [[0 0 0 0]
             [0 1 0 0]
             [0 0 0 0]
             [0 0 0 0]]
         [[0 0 0 0]
             [1 0 0 0]
             [0 0 0 0]
             [0 0 0 0]]
         [[0 0 0 0]
             [0 0 0 0]
             [0 0 0 1]
             [0 0 0 0]]
         [[1 0 0 0]
             [0 0 0 0]
             [0 0 0 0]
             [0 0 0 0]]
         [[0 0 0 0]
             [0 0 0 0]
             [0 0 0 1]
             [0 0 0 0]]
         [[0 0 0 0]
             [0 1 0 0]
             [0 0 0 0]
             [0 0 0 0]]
         [[0 0 0 0]
             [0 0 0 0]
             [0 0 0 1]
             [0 0 0 0]]]
 [1 11 65 64 85 69 55 23 23 47 18 28 58 55]
 [18 28 78 71 96 78 62 41 33 60 36 44 65 64]
 [[0 1 0 0 0 0 0 0 0 0 0 0 0 0 0 0 0 0 0 0 0 0 0 0 0 0 0 0 0 0 0 0 0 0 0 0 0
         0 0 0 0 0 0 0 0 0 0 0 0 0 0 0 0 0 0 0 0 0 0 0 0 0 0 0 0 0 0 0 0 0
         0 0 0 0 0 0 0 0 0 0 0 0 0 0 0 0 0 0 0 0 0 0 0 0 0 0 0 0 0 0 0 0 0
         0 0 0 0 0 0 0 0 0 0 0 0 0 0 0 0 0 0 0 0 0 0 0 0 0 0 0 0 0 0 0 0 0
         0 0 0 0 0 0 0 0 0 0 0 0 0 0 0 0 0 0 0 0 0 0 0 0 0 0 0 0 0 0 0 0]
         [0 0 0 0 0 0 0 0 0 0 1 0 0 0 0 0 0 0 0 0 0 0 0 0 0 0 0 0 0 0 0 0 0
         0 0 0 0 0 0 0 0 0 0 0 0 0 0 0 0 0 0 0 0 0 0 0 0 0 0 0 0 0 0 0 0 0
         0 0 0 0 0 0 0 0 0 0 0 0 0 0 0 0 0 0 0 0 0 0 0 0 0 0 0 0 0 0 0 0 0
         0 0 0 0 0 0 0 0 0 0 0 0 0 0 0 0 0 0 0 0 0 0 0 0 0 0 0 0 0 0 0 0 0
         0 0 0 0 0 0 0 0 0 0 0 0 0 0 0 0 0 0 0 0 0 0 0 0 0 0 0 0 0 0 0 0 0
         0 0 0]
         [0 0 0 0 0 0 0 0 0 0 0 0 0 0 0 0 0 0 0 0 0 0 0 0 0 0 0 0 0 0 0 0 0
         0 0 0 0 0 0 0 0 0 0 0 0 0 0 0 0 0 0 0 0 0 0 0 0 1 0 0 0 0 0 0 0 0
         0 0 0 0 0 0 0 0 0 0 0 0 0 0 0 0 0 0 0 0 0 0 0 0 0 0 0 0 0 0 0 0 0
         0 0 0 0 0 0 0 0 0 0 0 0 0 0 0 0 0 0 0 0 0 0 0 0 0 0 0 0 0 0 0 0 0
         0 0 0 0 0 0 0 0 0 0 0 0 0 0 0 0 0 0 0 0 0 0 0 0 0 0 0 0 0 0 0 0 0
         0 0 0]
         [0 0 0 0 0 0 0 0 0 0 0 0 0 0 0 0 0 0 0 0 0 0 0 0 0 0 0 0 0 0 0 0 0
         0 0 0 0 0 0 0 0 0 0 0 0 0 0 0 0 0 0 0 0 0 1 0 0 0 0 0 0 0 0 0 0 0
         0 0 0 0 0 0 0 0 0 0 0 0 0 0 0 0 0 0 0 0 0 0 0 0 0 0 0 0 0 0 0 0 0
         0 0 0 0 0 0 0 0 0 0 0 0 0 0 0 0 0 0 0 0 0 0 0 0 0 0 0 0 0 0 0 0 0
         0 0 0 0 0 0 0 0 0 0 0 0 0 0 0 0 0 0 0 0 0 0 0 0 0 0 0 0 0 0 0 0 0
         0 0 0]
         [0 0 0 0 0 0 0 0 0 0 0 0 0 0 0 0 0 0 0 0 0 0 0 0 0 0 0 0 0 0 0 0 0
         0 0 0 0 0 0 0 0 0 0 0 0 0 0 0 0 0 0 0 0 0 0 0 0 0 0 0 0 0 0 0 0 0
         0 0 0 0 0 0 0 0 0 0 0 0 0 0 0 0 0 0 1 0 0 0 0 0 0 0 0 0 0 0 0 0 0
         0 0 0 0 0 0 0 0 0 0 0 0 0 0 0 0 0 0 0 0 0 0 0 0 0 0 0 0 0 0 0 0 0
         0 0 0 0 0 0 0 0 0 0 0 0 0 0 0 0 0 0 0 0 0 0 0 0 0 0 0 0 0 0 0 0 0
         0 0 0]
         [0 0 0 0 0 0 0 0 0 0 0 0 0 0 0 0 0 0 0 0 0 0 0 0 0 0 0 0 0 0 0 0 0
         0 0 0 0 0 0 0 0 0 0 0 0 0 0 0 0 0 0 0 0 0 0 0 0 0 0 0 0 0 0 0 0 0
         0 0 1 0 0 0 0 0 0 0 0 0 0 0 0 0 0 0 0 0 0 0 0 0 0 0 0 0 0 0 0 0 0
         0 0 0 0 0 0 0 0 0 0 0 0 0 0 0 0 0 0 0 0 0 0 0 0 0 0 0 0 0 0 0 0 0
         0 0 0 0 0 0 0 0 0 0 0 0 0 0 0 0 0 0 0 0 0 0 0 0 0 0 0 0 0 0 0 0 0
         0 0 0]
         [0 0 0 0 0 0 0 0 0 0 0 0 0 0 0 0 0 0 0 0 0 0 0 0 0 0 0 0 0 0 0 0 0
         0 0 0 0 0 0 0 0 0 0 0 0 0 0 0 0 0 0 0 0 0 1 0 0 0 0 0 0 0 0 0 0 0
         0 0 0 0 0 0 0 0 0 0 0 0 0 0 0 0 0 0 0 0 0 0 0 0 0 0 0 0 0 0 0 0 0
         0 0 0 0 0 0 0 0 0 0 0 0 0 0 0 0 0 0 0 0 0 0 0 0 0 0 0 0 0 0 0 0 0
         0 0 0 0 0 0 0 0 0 0 0 0 0 0 0 0 0 0 0 0 0 0 0 0 0 0 0 0 0 0 0 0 0
         0 0 0]
         [0 0 0 0 0 0 0 0 0 0 0 0 0 0 0 0 0 0 0 0 0 0 1 0 0 0 0 0 0 0 0 0 0
         0 0 0 0 0 0 0 0 0 0 0 0 0 0 0 0 0 0 0 0 0 0 0 0 0 0 0 0 0 0 0 0 0
         0 0 0 0 0 0 0 0 0 0 0 0 0 0 0 0 0 0 0 0 0 0 0 0 0 0 0 0 0 0 0 0 0
         0 0 0 0 0 0 0 0 0 0 0 0 0 0 0 0 0 0 0 0 0 0 0 0 0 0 0 0 0 0 0 0 0
         0 0 0 0 0 0 0 0 0 0 0 0 0 0 0 0 0 0 0 0 0 0 0 0 0 0 0 0 0 0 0 0 0
         0 0 0]
         [0 0 0 0 0 0 0 0 0 0 0 0 0 0 0 0 0 0 0 0 0 0 0 1 0 0 0 0 0 0 0 0 0
         0 0 0 0 0 0 0 0 0 0 0 0 0 0 0 0 0 0 0 0 0 0 0 0 0 0 0 0 0 0 0 0 0
         0 0 0 0 0 0 0 0 0 0 0 0 0 0 0 0 0 0 0 0 0 0 0 0 0 0 0 0 0 0 0 0 0
         0 0 0 0 0 0 0 0 0 0 0 0 0 0 0 0 0 0 0 0 0 0 0 0 0 0 0 0 0 0 0 0 0
         0 0 0 0 0 0 0 0 0 0 0 0 0 0 0 0 0 0 0 0 0 0 0 0 0 0 0 0 0 0 0 0 0
         0 0 0]
         [0 0 0 0 0 0 0 0 0 0 0 0 0 0 0 0 0 0 0 0 0 0 0 0 0 0 0 0 0 0 0 0 0
         0 0 0 0 0 0 0 0 0 0 0 0 0 1 0 0 0 0 0 0 0 0 0 0 0 0 0 0 0 0 0 0 0
         0 0 0 0 0 0 0 0 0 0 0 0 0 0 0 0 0 0 0 0 0 0 0 0 0 0 0 0 0 0 0 0 0
         0 0 0 0 0 0 0 0 0 0 0 0 0 0 0 0 0 0 0 0 0 0 0 0 0 0 0 0 0 0 0 0 0
         0 0 0 0 0 0 0 0 0 0 0 0 0 0 0 0 0 0 0 0 0 0 0 0 0 0 0 0 0 0 0 0 0
         0 0 0]]
 [[[0 1 0 0 0 0 0 0 0 0 0 0 0 0 0 0 0 0 0 0]
             [0 0 0 0 0 0 0 0 0 0 0 0 0 0 0 0 0 0 0 0]
             [0 0 0 0 0 0 0 0 0 0 0 0 0 0 0 0 0 0 0 0]
             [0 0 0 0 0 0 0 0 0 0 0 0 0 0 0 0 0 0 0 0]]
         [[0 0 0 0 0 0 0 0 0 0 0 0 0 0 0 0 0 0 0 0]
             [0 0 0 0 0 0 0 0 0 0 0 0 0 0 0 0 0 0 0 0]
             [0 0 0 0 0 0 0 0 0 0 0 0 0 0 0 0 0 0 0 0]
             [1 0 0 0 0 0 0 0 0 0 0 0 0 0 0 0 0 0 0 0]]
         [[0 0 0 0 0 0 0 0 0 0 0 0 0 0 0 0 0 0 0 0]
             [0 0 0 0 0 0 0 0 0 0 0 0 0 0 0 0 0 0 0 0]
             [0 0 0 0 0 0 0 0 0 0 0 0 0 0 0 0 0 0 0 0]
             [1 0 0 0 0 0 0 0 0 0 0 0 0 0 0 0 0 0 0 0]]
         [[0 0 0 0 0 0 0 0 0 0 0 0 0 0 0 0 0 0 0 0]
             [0 0 0 0 0 0 0 0 0 0 0 1 0 0 0 0 0 0 0 0]
             [0 0 0 0 0 0 0 0 0 0 0 0 0 0 0 0 0 0 0 0]
             [0 0 0 0 0 0 0 0 0 0 0 0 0 0 0 0 0 0 0 0]]
         [[0 0 0 0 0 0 0 0 0 0 0 0 0 0 0 0 0 0 0 0]
             [0 1 0 0 0 0 0 0 0 0 0 0 0 0 0 0 0 0 0 0]
             [0 0 0 0 0 0 0 0 0 0 0 0 0 0 0 0 0 0 0 0]
             [0 0 0 0 0 0 0 0 0 0 0 0 0 0 0 0 0 0 0 0]]
         [[0 0 0 0 0 0 0 0 0 0 0 0 0 0 0 0 0 0 0 0]
             [0 0 0 0 0 0 0 0 0 0 0 0 0 0 0 0 0 0 0 0]
             [1 0 0 0 0 0 0 0 0 0 0 0 0 0 0 0 0 0 0 0]
             [0 0 0 0 0 0 0 0 0 0 0 0 0 0 0 0 0 0 0 0]]
         [[0 0 0 0 0 0 0 0 0 0 0 0 0 0 0 0 1 0 0 0]
             [0 0 0 0 0 0 0 0 0 0 0 0 0 0 0 0 0 0 0 0]
             [0 0 0 0 0 0 0 0 0 0 0 0 0 0 0 0 0 0 0 0]
             [0 0 0 0 0 0 0 0 0 0 0 0 0 0 0 0 0 0 0 0]]
         [[0 0 0 0 0 0 0 0 0 0 0 0 0 0 0 0 0 0 0 0]
             [0 0 0 0 0 0 0 0 0 0 0 0 0 0 0 0 0 0 0 0]
             [0 0 0 0 0 0 0 0 0 0 1 0 0 0 0 0 0 0 0 0]
             [0 0 0 0 0 0 0 0 0 0 0 0 0 0 0 0 0 0 0 0]]
         [[0 0 0 0 0 0 0 0 0 0 0 0 0 0 0 0 0 0 0 0]
             [0 0 0 0 0 0 0 0 0 1 0 0 0 0 0 0 0 0 0 0]
             [0 0 0 0 0 0 0 0 0 0 0 0 0 0 0 0 0 0 0 0]
             [0 0 0 0 0 0 0 0 0 0 0 0 0 0 0 0 0 0 0 0]]
         [[0 0 0 0 0 0 0 0 0 0 0 0 0 0 0 0 0 0 0 0]
             [0 0 0 0 0 0 0 0 0 0 0 0 0 0 0 0 0 0 0 0]
             [0 0 0 0 0 0 0 0 0 0 0 0 0 1 0 0 0 0 0 0]
             [0 0 0 0 0 0 0 0 0 0 0 0 0 0 0 0 0 0 0 0]]
         [[0 0 0 0 0 0 0 0 0 1 0 0 0 0 0 0 0 0 0 0]
             [0 0 0 0 0 0 0 0 0 0 0 0 0 0 0 0 0 0 0 0]
             [0 0 0 0 0 0 0 0 0 0 0 0 0 0 0 0 0 0 0 0]
             [0 0 0 0 0 0 0 0 0 0 0 0 0 0 0 0 0 0 0 0]]
         [[0 0 0 0 0 0 0 0 0 0 0 0 0 0 0 0 0 0 0 0]
             [0 0 0 0 0 0 0 0 0 0 0 0 0 0 0 0 0 0 0 0]
             [0 0 0 0 0 0 0 0 0 0 0 0 0 0 0 0 0 0 0 0]
             [1 0 0 0 0 0 0 0 0 0 0 0 0 0 0 0 0 0 0 0]]
         [[0 0 0 0 0 0 0 0 0 0 0 0 0 0 0 0 0 0 0 0]
             [0 0 0 0 0 0 0 0 0 0 0 0 0 0 0 0 0 0 0 0]
             [0 0 0 0 0 0 0 0 0 0 0 0 0 0 0 0 0 0 0 0]
             [0 0 0 0 0 0 0 0 0 0 0 0 0 0 0 1 0 0 0 0]]
         [[0 0 0 0 0 0 0 0 0 0 0 0 0 0 0 0 0 0 0 0]
             [0 1 0 0 0 0 0 0 0 0 0 0 0 0 0 0 0 0 0 0]
             [0 0 0 0 0 0 0 0 0 0 0 0 0 0 0 0 0 0 0 0]
             [0 0 0 0 0 0 0 0 0 0 0 0 0 0 0 0 0 0 0 0]]]
 [[0 0 1 1 1 1 1 0 1 1 0 0 1 1]
         [0 0 1 1 1 1 1 0 0 0 0 0 1 1]
         [0 0 0 0 0 0 0 0 0 0 0 0 0 0]
         [0 0 0 0 0 0 0 0 0 0 0 0 0 0]
         [0 0 0 0 0 0 0 0 0 0 0 0 0 0]
         [0 0 0 0 1 0 0 0 0 0 0 0 0 0]
         [0 0 0 0 1 1 0 0 0 0 0 0 0 0]
         [0 0 1 1 1 1 1 0 0 1 0 0 1 1]
         [0 0 1 1 1 1 1 0 0 0 0 0 1 1]
         [0 0 0 0 1 1 0 0 0 0 0 0 0 0]
         [0 0 1 1 1 1 1 0 0 1 0 0 1 1]
         [0 0 1 1 1 1 1 0 0 0 0 0 1 1]
         [0 0 0 0 0 1 0 0 0 0 0 0 0 0]
         [0 0 0 0 0 0 0 0 0 0 0 0 0 0]]
 [[[0 1 0 0 0 0 0 0 0 0 0 0 0 0 0 0 0 0 0 0]
             [0 0 0 0 0 0 0 0 0 0 0 0 0 0 0 0 0 0 0 0]
             [0 0 0 0 0 0 0 0 0 0 0 0 0 0 0 0 0 0 0 0]]
         [[0 0 0 0 0 0 0 0 0 0 0 0 0 0 0 0 0 0 0 0]
             [0 0 0 0 0 0 0 0 0 0 0 0 0 0 0 0 0 0 0 0]
             [1 0 0 0 0 0 0 0 0 0 0 0 0 0 0 0 0 0 0 0]]
         [[0 0 0 0 0 0 0 0 0 0 0 0 0 0 0 0 0 0 0 0]
             [1 0 0 0 0 0 0 0 0 0 0 0 0 0 0 0 0 0 0 0]
             [0 0 0 0 0 0 0 0 0 0 0 0 0 0 0 0 0 0 0 0]]
         [[0 0 0 0 0 0 0 0 0 0 0 0 0 0 0 0 0 0 0 0]
             [0 0 0 0 0 0 0 0 0 0 0 1 0 0 0 0 0 0 0 0]
             [0 0 0 0 0 0 0 0 0 0 0 0 0 0 0 0 0 0 0 0]]
         [[0 1 0 0 0 0 0 0 0 0 0 0 0 0 0 0 0 0 0 0]
             [0 0 0 0 0 0 0 0 0 0 0 0 0 0 0 0 0 0 0 0]
             [0 0 0 0 0 0 0 0 0 0 0 0 0 0 0 0 0 0 0 0]]
         [[0 0 0 0 0 0 0 0 0 0 0 0 0 0 0 0 0 0 0 0]
             [0 0 0 0 0 0 0 0 0 0 0 0 0 0 0 0 0 0 0 0]
             [1 0 0 0 0 0 0 0 0 0 0 0 0 0 0 0 0 0 0 0]]
         [[0 0 0 0 0 0 0 0 0 0 0 0 0 0 0 0 1 0 0 0]
             [0 0 0 0 0 0 0 0 0 0 0 0 0 0 0 0 0 0 0 0]
             [0 0 0 0 0 0 0 0 0 0 0 0 0 0 0 0 0 0 0 0]]
         [[0 0 0 0 0 0 0 0 0 0 0 0 0 0 0 0 0 0 0 0]
             [0 0 0 0 0 0 0 0 0 0 0 0 0 0 0 0 0 0 0 0]
             [0 0 0 0 0 0 0 0 0 0 1 0 0 0 0 0 0 0 0 0]]
         [[0 0 0 0 0 0 0 0 0 1 0 0 0 0 0 0 0 0 0 0]
             [0 0 0 0 0 0 0 0 0 0 0 0 0 0 0 0 0 0 0 0]
             [0 0 0 0 0 0 0 0 0 0 0 0 0 0 0 0 0 0 0 0]]
         [[0 0 0 0 0 0 0 0 0 0 0 0 0 0 0 0 0 0 0 0]
             [0 0 0 0 0 0 0 0 0 0 0 0 0 0 0 0 0 0 0 0]
             [0 0 0 0 0 0 0 0 0 0 0 0 0 1 0 0 0 0 0 0]]
         [[0 0 0 0 0 0 0 0 0 0 0 0 0 0 0 0 0 0 0 0]
             [0 0 0 0 0 0 0 0 0 1 0 0 0 0 0 0 0 0 0 0]
             [0 0 0 0 0 0 0 0 0 0 0 0 0 0 0 0 0 0 0 0]]
         [[0 0 0 0 0 0 0 0 0 0 0 0 0 0 0 0 0 0 0 0]
             [1 0 0 0 0 0 0 0 0 0 0 0 0 0 0 0 0 0 0 0]
             [0 0 0 0 0 0 0 0 0 0 0 0 0 0 0 0 0 0 0 0]]
         [[0 0 0 0 0 0 0 0 0 0 0 0 0 0 0 0 0 0 0 0]
             [0 0 0 0 0 0 0 0 0 0 0 0 0 0 0 1 0 0 0 0]
             [0 0 0 0 0 0 0 0 0 0 0 0 0 0 0 0 0 0 0 0]]
         [[0 1 0 0 0 0 0 0 0 0 0 0 0 0 0 0 0 0 0 0]
             [0 0 0 0 0 0 0 0 0 0 0 0 0 0 0 0 0 0 0 0]
             [0 0 0 0 0 0 0 0 0 0 0 0 0 0 0 0 0 0 0 0]]]
 [[0 0 1 1 1 1 1 0 1 1 0 0 1 1]
         [0 0 1 1 1 1 1 0 0 1 0 0 1 1]
         [0 0 0 0 0 0 0 0 0 0 0 0 0 0]
         [0 0 0 0 1 0 0 0 0 0 0 0 0 0]
         [0 0 0 0 0 0 0 0 0 0 0 0 0 0]
         [0 0 0 0 1 0 0 0 0 0 0 0 0 0]
         [0 0 0 0 1 1 0 0 0 0 0 0 0 0]
         [0 0 1 1 1 1 1 0 0 1 0 0 1 1]
         [0 0 1 1 1 1 1 0 0 1 0 0 1 1]
         [0 0 0 0 1 0 0 0 0 0 0 0 0 0]
         [0 0 1 1 1 1 1 0 0 1 0 0 1 1]
         [0 0 1 1 1 1 1 0 0 1 0 0 1 1]
         [0 0 0 0 0 0 0 0 0 0 0 0 0 0]
         [0 0 0 0 1 0 0 0 0 0 0 0 0 0]]
