5407
3882.303629002
28.198564287
2.3
102
 [32 89 164 63 82 126 78 104 139 164]
 [1 45 126 32 75 77 57 95 121 144]
 [[[0 0 1 1 0 1 0 0 0 0]
             [0 0 0 0 0 0 0 0 0 0]
             [0 0 0 0 0 0 0 0 0 0]
             [0 0 1 0 0 1 0 0 0 0]
             [0 0 0 0 0 0 0 0 0 0]
             [0 0 1 0 0 0 0 0 0 0]
             [0 0 0 0 0 0 0 0 0 0]
             [0 0 0 0 0 0 0 0 0 0]
             [0 0 0 0 0 0 0 0 0 0]
             [0 0 0 0 0 0 0 0 0 0]]
         [[0 0 0 0 0 0 0 0 0 0]
             [0 0 0 0 0 0 0 1 0 0]
             [0 0 0 0 0 0 0 0 0 0]
             [0 0 0 0 0 0 0 0 0 0]
             [0 0 0 0 0 0 0 0 0 0]
             [0 0 0 0 0 0 0 0 0 0]
             [0 0 0 0 0 0 0 0 0 0]
             [0 0 0 0 0 0 0 0 0 0]
             [0 0 0 0 0 0 0 0 0 0]
             [0 0 0 0 0 0 0 0 0 0]]
         [[0 0 0 0 0 0 0 0 0 0]
             [0 0 0 0 0 0 0 0 0 0]
             [0 0 0 0 0 0 0 0 0 0]
             [0 0 0 0 0 0 0 0 0 0]
             [0 0 0 0 0 0 0 0 0 0]
             [0 0 0 0 0 0 0 0 0 0]
             [0 0 0 0 0 0 0 0 0 0]
             [0 0 0 0 0 0 0 0 0 0]
             [0 0 0 0 0 0 0 0 0 0]
             [0 0 0 0 0 0 0 0 0 0]]
         [[0 0 0 0 0 0 0 0 0 0]
             [0 0 0 0 0 0 0 0 0 0]
             [0 0 0 0 0 0 0 0 0 0]
             [0 0 0 0 0 0 0 0 0 0]
             [0 0 0 0 0 0 0 0 0 0]
             [0 0 0 0 0 0 0 0 0 0]
             [0 0 0 0 0 0 0 0 1 1]
             [0 0 0 0 0 0 0 0 0 0]
             [0 0 0 0 0 0 0 0 0 1]
             [0 0 0 0 0 0 0 0 0 0]]]
 [[1 0 1 1 0 1 0 0 0 0]
         [0 1 0 0 0 0 0 1 0 0]
         [0 0 0 0 1 0 0 0 0 0]
         [0 0 0 0 0 0 1 0 1 1]]
 [[0 0 1 0 0 0 0 0 0 0 0 0 0 0]
         [0 0 0 0 0 0 0 1 0 0 0 0 0 0]
         [0 0 0 0 0 0 0 0 0 0 0 0 0 1]
         [0 0 0 0 0 1 0 0 0 0 0 0 0 0]
         [0 0 0 0 0 0 1 0 0 0 0 0 0 0]
         [0 0 0 0 0 0 0 0 0 0 1 0 0 0]
         [0 0 0 0 0 0 1 0 0 0 0 0 0 0]
         [0 0 0 0 0 0 0 0 1 0 0 0 0 0]
         [0 0 0 0 0 0 0 0 0 0 0 1 0 0]
         [0 0 0 0 0 0 0 0 0 0 0 0 0 1]]
 [[1 0 0]
         [1 0 0]
         [1 0 0]
         [0 1 0]
         [0 0 1]
         [0 1 0]
         [0 1 0]
         [0 1 0]
         [0 0 1]
         [0 0 1]]
 [[[0 1 1 0 0 0 0 0 0 0 1 1 1 0]
             [0 0 1 0 0 0 0 0 0 0 0 0 1 0]
             [0 0 0 0 0 0 0 0 0 0 0 0 0 0]
             [0 0 0 0 0 0 0 0 0 0 0 0 0 0]
             [0 0 0 0 0 0 0 0 0 0 0 0 0 0]
             [0 0 0 0 0 0 0 0 0 0 0 0 0 0]
             [0 0 0 0 0 0 0 0 0 0 0 0 0 0]
             [0 0 0 0 0 0 0 0 0 0 0 0 0 0]
             [0 0 0 0 0 0 0 0 0 0 0 0 0 0]
             [0 0 0 0 0 0 0 0 0 0 0 0 0 0]
             [0 1 1 0 0 0 0 0 0 0 0 1 1 0]
             [0 1 1 0 0 0 0 0 0 0 0 0 1 0]
             [0 0 1 0 0 0 0 0 0 0 0 0 0 0]
             [0 0 0 0 0 0 0 0 0 0 0 0 0 0]]
         [[0 0 0 0 0 0 0 0 0 0 0 0 0 0]
             [0 0 0 0 0 0 0 0 0 0 0 0 0 0]
             [0 0 0 0 0 0 0 0 0 0 0 0 0 0]
             [0 0 0 0 0 1 1 1 0 0 0 0 0 1]
             [0 0 0 0 0 0 0 0 0 0 0 0 0 0]
             [0 0 0 0 0 0 0 1 0 0 0 0 0 0]
             [0 0 0 0 0 1 0 1 0 0 0 0 0 0]
             [0 0 0 0 0 0 0 0 0 0 0 0 0 0]
             [0 0 0 0 0 0 0 0 0 0 0 0 0 0]
             [0 0 0 0 0 0 0 0 0 0 0 0 0 0]
             [0 0 0 0 0 0 0 0 0 0 0 0 0 0]
             [0 0 0 0 0 0 0 0 0 0 0 0 0 0]
             [0 0 0 0 0 0 0 0 0 0 0 0 0 0]
             [0 0 0 0 0 1 1 1 0 0 0 0 0 0]]
         [[0 0 0 0 0 0 0 0 0 0 0 0 0 0]
             [0 0 0 0 0 0 0 0 0 0 0 0 0 0]
             [0 0 0 0 0 0 0 0 0 0 0 0 0 0]
             [0 0 0 0 0 0 0 0 0 0 0 0 0 0]
             [0 0 0 0 0 0 0 0 1 1 0 0 0 0]
             [0 0 0 0 0 0 0 0 0 0 0 0 0 0]
             [0 0 0 0 0 0 0 0 0 0 0 0 0 0]
             [0 0 0 0 0 0 0 0 0 0 0 0 0 0]
             [0 0 0 0 0 0 0 0 0 1 0 0 0 0]
             [0 0 0 0 0 0 0 0 0 0 0 0 0 0]
             [0 0 0 0 0 0 0 0 0 0 0 0 0 0]
             [0 0 0 0 0 0 0 0 0 0 0 0 0 0]
             [0 0 0 0 0 0 0 0 0 0 0 0 0 0]
             [0 0 0 0 0 0 0 0 0 0 0 0 0 0]]]
 [[[1 0 0 0]
             [0 0 0 0]
             [0 0 0 0]]
         [[0 1 0 0]
             [0 0 0 0]
             [0 0 0 0]]
         [[1 0 0 0]
             [0 0 0 0]
             [0 0 0 0]]
         [[0 0 0 0]
             [1 0 0 0]
             [0 0 0 0]]
         [[0 0 0 0]
             [0 0 0 0]
             [0 0 1 0]]
         [[0 0 0 0]
             [1 0 0 0]
             [0 0 0 0]]
         [[0 0 0 0]
             [0 0 0 1]
             [0 0 0 0]]
         [[0 0 0 0]
             [0 1 0 0]
             [0 0 0 0]]
         [[0 0 0 0]
             [0 0 0 0]
             [0 0 0 1]]
         [[0 0 0 0]
             [0 0 0 0]
             [0 0 0 1]]]
 [1 75 144 32 75 77 57 95 121 144 16 57 126 49]
 [16 85 161 49 81 95 77 102 137 162 29 75 144 57]
 [[1 0 0 0 0 0 0 0 0 0 0 0 0 0 0 0 0 0 0 0 0 0 0 0 0 0 0 0 0 0 0 0 0 0 0 0 0
         0 0 0 0 0 0 0 0 0 0 0 0 0 0 0 0 0 0 0 0 0 0 0 0 0 0 0 0 0 0 0 0 0
         0 0 0 0 0 0 0 0 0 0 0 0 0 0 0 0 0 0 0 0 0 0 0 0 0 0 0 0 0 0 0 0 0
         0 0 0 0 0 0 0 0 0 0 0 0 0 0 0 0 0 0 0 0 0 0 0 0 0 0 0 0 0 0 0 0 0
         0 0 0 0 0 0 0 0 0 0 0 0 0 0 0 0 0 0 0 0 0 0 0 0 0 0 0 0 0 0 0 0]
         [0 0 0 0 0 0 0 0 0 0 0 0 0 0 0 0 0 0 0 0 0 0 0 0 0 0 0 0 0 0 0 0 0
         0 0 0 0 0 0 0 0 0 0 0 1 0 0 0 0 0 0 0 0 0 0 0 0 0 0 0 0 0 0 0 0 0
         0 0 0 0 0 0 0 0 0 0 0 0 0 0 0 0 0 0 0 0 0 0 0 0 0 0 0 0 0 0 0 0 0
         0 0 0 0 0 0 0 0 0 0 0 0 0 0 0 0 0 0 0 0 0 0 0 0 0 0 0 0 0 0 0 0 0
         0 0 0 0 0 0 0 0 0 0 0 0 0 0 0 0 0 0 0 0 0 0 0 0 0 0 0 0 0 0 0 0 0
         0 0 0]
         [0 0 0 0 0 0 0 0 0 0 0 0 0 0 0 0 0 0 0 0 0 0 0 0 0 0 0 0 0 0 0 0 0
         0 0 0 0 0 0 0 0 0 0 0 0 0 0 0 0 0 0 0 0 0 0 0 0 0 0 0 0 0 0 0 0 0
         0 0 0 0 0 0 0 0 0 0 0 0 0 0 0 0 0 0 0 0 0 0 0 1 0 0 0 0 0 0 0 0 0
         0 0 0 0 0 0 0 0 0 0 0 0 0 0 0 0 0 0 0 0 0 0 0 0 0 0 0 0 0 0 0 0 0
         0 0 0 0 0 0 0 0 0 0 0 0 0 0 0 0 0 0 0 0 0 0 0 0 0 0 0 0 0 0 0 0 0
         0 0 0]
         [0 0 0 0 0 0 0 0 0 0 0 0 0 0 0 0 0 0 0 0 0 0 0 0 0 0 0 0 0 0 1 0 0
         0 0 0 0 0 0 0 0 0 0 0 0 0 0 0 0 0 0 0 0 0 0 0 0 0 0 0 0 0 0 0 0 0
         0 0 0 0 0 0 0 0 0 0 0 0 0 0 0 0 0 0 0 0 0 0 0 0 0 0 0 0 0 0 0 0 0
         0 0 0 0 0 0 0 0 0 0 0 0 0 0 0 0 0 0 0 0 0 0 0 0 0 0 0 0 0 0 0 0 0
         0 0 0 0 0 0 0 0 0 0 0 0 0 0 0 0 0 0 0 0 0 0 0 0 0 0 0 0 0 0 0 0 0
         0 0 0]
         [0 0 0 0 0 0 0 0 0 0 0 0 0 0 0 0 0 0 0 0 0 0 0 0 0 0 0 0 0 0 0 0 0
         0 0 0 0 0 0 0 0 0 0 0 0 0 0 0 0 0 0 0 0 0 0 0 0 0 0 0 0 0 0 0 0 0
         0 0 0 0 0 0 0 0 1 0 0 0 0 0 0 0 0 0 0 0 0 0 0 0 0 0 0 0 0 0 0 0 0
         0 0 0 0 0 0 0 0 0 0 0 0 0 0 0 0 0 0 0 0 0 0 0 0 0 0 0 0 0 0 0 0 0
         0 0 0 0 0 0 0 0 0 0 0 0 0 0 0 0 0 0 0 0 0 0 0 0 0 0 0 0 0 0 0 0 0
         0 0 0]
         [0 0 0 0 0 0 0 0 0 0 1 0 0 0 0 0 0 0 0 0 0 0 0 0 0 0 0 0 0 0 0 0 0
         0 0 0 0 0 0 0 0 0 0 0 0 0 0 0 0 0 0 0 0 0 0 0 0 0 0 0 0 0 0 0 0 0
         0 0 0 0 0 0 0 0 0 0 0 0 0 0 0 0 0 0 0 0 0 0 0 0 0 0 0 0 0 0 0 0 0
         0 0 0 0 0 0 0 0 0 0 0 0 0 0 0 0 0 0 0 0 0 0 0 0 0 0 0 0 0 0 0 0 0
         0 0 0 0 0 0 0 0 0 0 0 0 0 0 0 0 0 0 0 0 0 0 0 0 0 0 0 0 0 0 0 0 0
         0 0 0]
         [0 0 0 0 0 0 0 0 0 0 0 0 0 0 0 0 0 0 0 0 0 0 0 0 0 0 0 0 0 0 0 0 0
         0 0 0 0 0 0 0 0 0 0 0 0 0 0 0 0 0 1 0 0 0 0 0 0 0 0 0 0 0 0 0 0 0
         0 0 0 0 0 0 0 0 0 0 0 0 0 0 0 0 0 0 0 0 0 0 0 0 0 0 0 0 0 0 0 0 0
         0 0 0 0 0 0 0 0 0 0 0 0 0 0 0 0 0 0 0 0 0 0 0 0 0 0 0 0 0 0 0 0 0
         0 0 0 0 0 0 0 0 0 0 0 0 0 0 0 0 0 0 0 0 0 0 0 0 0 0 0 0 0 0 0 0 0
         0 0 0]
         [0 0 0 0 0 0 0 0 0 0 0 0 0 0 0 0 0 0 0 0 0 0 0 0 0 0 0 0 0 0 0 0 0
         0 0 0 0 0 0 0 0 0 0 0 0 0 0 0 0 0 0 0 0 0 0 0 0 0 0 0 0 0 0 0 0 0
         0 0 0 0 0 0 0 0 0 0 0 0 0 0 0 0 0 0 0 0 0 0 0 0 0 0 1 0 0 0 0 0 0
         0 0 0 0 0 0 0 0 0 0 0 0 0 0 0 0 0 0 0 0 0 0 0 0 0 0 0 0 0 0 0 0 0
         0 0 0 0 0 0 0 0 0 0 0 0 0 0 0 0 0 0 0 0 0 0 0 0 0 0 0 0 0 0 0 0 0
         0 0 0]
         [0 0 0 0 0 0 0 0 0 0 0 0 0 0 0 0 0 0 0 0 0 0 0 0 0 0 0 0 0 0 0 0 0
         0 0 0 0 0 0 0 0 0 0 0 0 0 0 0 0 0 0 0 0 0 0 0 0 0 0 0 0 0 0 1 0 0
         0 0 0 0 0 0 0 0 0 0 0 0 0 0 0 0 0 0 0 0 0 0 0 0 0 0 0 0 0 0 0 0 0
         0 0 0 0 0 0 0 0 0 0 0 0 0 0 0 0 0 0 0 0 0 0 0 0 0 0 0 0 0 0 0 0 0
         0 0 0 0 0 0 0 0 0 0 0 0 0 0 0 0 0 0 0 0 0 0 0 0 0 0 0 0 0 0 0 0 0
         0 0 0]
         [0 0 0 0 0 0 0 0 0 0 0 0 0 0 0 0 0 0 0 0 0 0 0 0 0 0 0 0 0 0 0 0 0
         0 0 0 0 0 0 0 0 0 0 0 0 0 0 0 0 0 0 0 0 0 0 0 0 0 0 0 0 0 0 0 0 0
         0 0 0 0 0 1 0 0 0 0 0 0 0 0 0 0 0 0 0 0 0 0 0 0 0 0 0 0 0 0 0 0 0
         0 0 0 0 0 0 0 0 0 0 0 0 0 0 0 0 0 0 0 0 0 0 0 0 0 0 0 0 0 0 0 0 0
         0 0 0 0 0 0 0 0 0 0 0 0 0 0 0 0 0 0 0 0 0 0 0 0 0 0 0 0 0 0 0 0 0
         0 0 0]]
 [[[0 0 0 0 0 0 0 0 0 0 0 1 0 0 0 0 0 0 0 0]
             [0 0 0 0 0 0 0 0 0 0 0 0 0 0 0 0 0 0 0 0]
             [0 0 0 0 0 0 0 0 0 0 0 0 0 0 0 0 0 0 0 0]]
         [[0 0 0 0 0 0 0 0 0 0 0 1 0 0 0 0 0 0 0 0]
             [0 0 0 0 0 0 0 0 0 0 0 0 0 0 0 0 0 0 0 0]
             [0 0 0 0 0 0 0 0 0 0 0 0 0 0 0 0 0 0 0 0]]
         [[0 0 0 0 0 0 0 0 0 1 0 0 0 0 0 0 0 0 0 0]
             [0 0 0 0 0 0 0 0 0 0 0 0 0 0 0 0 0 0 0 0]
             [0 0 0 0 0 0 0 0 0 0 0 0 0 0 0 0 0 0 0 0]]
         [[0 0 0 0 0 0 0 0 0 0 0 0 0 0 0 0 0 0 0 0]
             [0 1 0 0 0 0 0 0 0 0 0 0 0 0 0 0 0 0 0 0]
             [0 0 0 0 0 0 0 0 0 0 0 0 0 0 0 0 0 0 0 0]]
         [[0 0 0 0 0 0 0 0 0 0 0 0 0 0 0 0 0 0 0 0]
             [0 0 0 0 0 0 0 0 0 0 0 0 0 0 0 0 0 0 0 0]
             [0 0 0 0 0 0 0 0 0 0 1 0 0 0 0 0 0 0 0 0]]
         [[0 0 0 0 0 0 0 0 0 0 0 0 0 0 0 0 0 0 0 0]
             [1 0 0 0 0 0 0 0 0 0 0 0 0 0 0 0 0 0 0 0]
             [0 0 0 0 0 0 0 0 0 0 0 0 0 0 0 0 0 0 0 0]]
         [[0 0 0 0 0 0 0 0 0 0 0 0 0 0 0 0 0 0 0 0]
             [1 0 0 0 0 0 0 0 0 0 0 0 0 0 0 0 0 0 0 0]
             [0 0 0 0 0 0 0 0 0 0 0 0 0 0 0 0 0 0 0 0]]
         [[0 0 0 0 0 0 0 0 0 0 0 0 0 0 0 0 0 0 0 0]
             [0 0 0 0 0 0 0 0 0 0 0 0 1 0 0 0 0 0 0 0]
             [0 0 0 0 0 0 0 0 0 0 0 0 0 0 0 0 0 0 0 0]]
         [[0 0 0 0 0 0 0 0 0 0 0 0 0 0 0 0 0 0 0 0]
             [0 0 0 0 0 0 0 0 0 0 0 0 0 0 0 0 0 0 0 0]
             [0 0 0 0 0 0 0 0 0 0 1 0 0 0 0 0 0 0 0 0]]
         [[0 0 0 0 0 0 0 0 0 0 0 0 0 0 0 0 0 0 0 0]
             [0 0 0 0 0 0 0 0 0 0 0 0 0 0 0 0 0 0 0 0]
             [1 0 0 0 0 0 0 0 0 0 0 0 0 0 0 0 0 0 0 0]]
         [[0 0 0 0 0 0 0 0 0 1 0 0 0 0 0 0 0 0 0 0]
             [0 0 0 0 0 0 0 0 0 0 0 0 0 0 0 0 0 0 0 0]
             [0 0 0 0 0 0 0 0 0 0 0 0 0 0 0 0 0 0 0 0]]
         [[0 0 0 0 0 0 0 0 0 0 1 0 0 0 0 0 0 0 0 0]
             [0 0 0 0 0 0 0 0 0 0 0 0 0 0 0 0 0 0 0 0]
             [0 0 0 0 0 0 0 0 0 0 0 0 0 0 0 0 0 0 0 0]]
         [[1 0 0 0 0 0 0 0 0 0 0 0 0 0 0 0 0 0 0 0]
             [0 0 0 0 0 0 0 0 0 0 0 0 0 0 0 0 0 0 0 0]
             [0 0 0 0 0 0 0 0 0 0 0 0 0 0 0 0 0 0 0 0]]
         [[0 0 0 0 0 0 0 0 0 0 0 0 0 0 0 0 0 0 0 0]
             [0 0 0 0 0 0 0 0 0 0 0 0 0 0 0 0 1 0 0 0]
             [0 0 0 0 0 0 0 0 0 0 0 0 0 0 0 0 0 0 0 0]]]
 [[0 0 0 0 0 0 0 1 0 0 0 0 0 1]
         [0 0 0 0 0 0 0 1 0 0 0 0 0 0]
         [0 0 0 0 0 0 0 0 0 0 0 0 0 0]
         [0 0 0 0 0 0 0 0 0 0 0 0 1 0]
         [0 0 0 0 0 0 0 0 0 0 0 0 0 0]
         [0 0 0 0 0 0 0 0 0 0 0 0 0 0]
         [0 0 0 0 0 0 0 0 0 0 0 0 0 0]
         [0 0 1 0 0 0 0 0 0 0 0 0 1 0]
         [0 0 0 0 0 0 0 0 0 0 0 0 0 0]
         [0 0 0 0 0 0 0 0 0 0 0 0 0 0]
         [0 0 0 0 0 0 0 1 0 0 0 0 0 1]
         [0 0 0 0 0 0 0 1 0 0 0 0 0 0]
         [0 0 0 0 0 0 0 0 0 0 0 0 0 0]
         [0 1 1 0 0 0 0 0 0 0 0 1 1 0]]
 [[[0 0 0 0 0 0 0 0 0 0 0 1 0 0 0 0 0 0 0 0]
             [0 0 0 0 0 0 0 0 0 0 0 0 0 0 0 0 0 0 0 0]
             [0 0 0 0 0 0 0 0 0 0 0 0 0 0 0 0 0 0 0 0]]
         [[0 0 0 0 0 0 0 0 0 0 0 1 0 0 0 0 0 0 0 0]
             [0 0 0 0 0 0 0 0 0 0 0 0 0 0 0 0 0 0 0 0]
             [0 0 0 0 0 0 0 0 0 0 0 0 0 0 0 0 0 0 0 0]]
         [[0 0 0 0 0 0 0 0 0 0 0 0 0 0 0 0 0 0 0 0]
             [0 0 0 0 0 0 0 0 0 1 0 0 0 0 0 0 0 0 0 0]
             [0 0 0 0 0 0 0 0 0 0 0 0 0 0 0 0 0 0 0 0]]
         [[0 0 0 0 0 0 0 0 0 0 0 0 0 0 0 0 0 0 0 0]
             [0 1 0 0 0 0 0 0 0 0 0 0 0 0 0 0 0 0 0 0]
             [0 0 0 0 0 0 0 0 0 0 0 0 0 0 0 0 0 0 0 0]]
         [[0 0 0 0 0 0 0 0 0 0 0 0 0 0 0 0 0 0 0 0]
             [0 0 0 0 0 0 0 0 0 0 1 0 0 0 0 0 0 0 0 0]
             [0 0 0 0 0 0 0 0 0 0 0 0 0 0 0 0 0 0 0 0]]
         [[1 0 0 0 0 0 0 0 0 0 0 0 0 0 0 0 0 0 0 0]
             [0 0 0 0 0 0 0 0 0 0 0 0 0 0 0 0 0 0 0 0]
             [0 0 0 0 0 0 0 0 0 0 0 0 0 0 0 0 0 0 0 0]]
         [[0 0 0 0 0 0 0 0 0 0 0 0 0 0 0 0 0 0 0 0]
             [1 0 0 0 0 0 0 0 0 0 0 0 0 0 0 0 0 0 0 0]
             [0 0 0 0 0 0 0 0 0 0 0 0 0 0 0 0 0 0 0 0]]
         [[0 0 0 0 0 0 0 0 0 0 0 0 1 0 0 0 0 0 0 0]
             [0 0 0 0 0 0 0 0 0 0 0 0 0 0 0 0 0 0 0 0]
             [0 0 0 0 0 0 0 0 0 0 0 0 0 0 0 0 0 0 0 0]]
         [[0 0 0 0 0 0 0 0 0 0 0 0 0 0 0 0 0 0 0 0]
             [0 0 0 0 0 0 0 0 0 0 0 0 0 0 0 0 0 0 0 0]
             [0 0 0 0 0 0 0 0 0 0 1 0 0 0 0 0 0 0 0 0]]
         [[0 0 0 0 0 0 0 0 0 0 0 0 0 0 0 0 0 0 0 0]
             [0 0 0 0 0 0 0 0 0 0 0 0 0 0 0 0 0 0 0 0]
             [1 0 0 0 0 0 0 0 0 0 0 0 0 0 0 0 0 0 0 0]]
         [[0 0 0 0 0 0 0 0 0 0 0 0 0 0 0 0 0 0 0 0]
             [0 0 0 0 0 0 0 0 0 1 0 0 0 0 0 0 0 0 0 0]
             [0 0 0 0 0 0 0 0 0 0 0 0 0 0 0 0 0 0 0 0]]
         [[0 0 0 0 0 0 0 0 0 0 0 0 0 0 0 0 0 0 0 0]
             [0 0 0 0 0 0 0 0 0 0 1 0 0 0 0 0 0 0 0 0]
             [0 0 0 0 0 0 0 0 0 0 0 0 0 0 0 0 0 0 0 0]]
         [[0 0 0 0 0 0 0 0 0 0 0 0 0 0 0 0 0 0 0 0]
             [1 0 0 0 0 0 0 0 0 0 0 0 0 0 0 0 0 0 0 0]
             [0 0 0 0 0 0 0 0 0 0 0 0 0 0 0 0 0 0 0 0]]
         [[0 0 0 0 0 0 0 0 0 0 0 0 0 0 0 0 1 0 0 0]
             [0 0 0 0 0 0 0 0 0 0 0 0 0 0 0 0 0 0 0 0]
             [0 0 0 0 0 0 0 0 0 0 0 0 0 0 0 0 0 0 0 0]]]
 [[0 1 1 0 0 0 1 1 0 0 0 1 0 1]
         [0 0 0 0 0 0 0 1 0 0 0 0 0 0]
         [0 0 0 0 0 0 0 0 0 0 0 0 0 0]
         [0 0 1 0 0 0 1 0 0 0 0 0 1 0]
         [0 0 1 0 0 0 0 0 0 0 0 0 0 0]
         [0 0 0 0 0 0 0 0 0 0 0 0 0 0]
         [0 0 1 0 0 0 0 0 0 0 0 0 1 0]
         [0 0 0 0 0 0 0 0 0 0 0 0 0 0]
         [0 0 0 0 0 0 0 0 0 0 0 0 0 0]
         [0 0 0 0 0 0 0 0 0 0 0 0 0 0]
         [0 1 1 1 1 0 1 1 1 0 0 1 0 0]
         [0 0 1 0 1 0 0 0 0 0 0 0 0 0]
         [0 0 0 0 0 0 0 0 0 0 0 0 0 0]
         [0 0 0 0 0 0 0 0 0 0 0 0 0 0]]
